FrameNo,head_x,head_y,head_z,left_shoulder_x,left_shoulder_y,left_shoulder_z,left_elbow_x,left_elbow_y,left_elbow_z,right_shoulder_x,right_shoulder_y,right_shoulder_z,right_elbow_x,right_elbow_y,right_elbow_z,left_hand_x,left_hand_y,left_hand_z,right_hand_x,right_hand_y,right_hand_z,left_hip_x,left_hip_y,left_hip_z,right_hip_x,right_hip_y,right_hip_z,left_knee_x,left_knee_y,left_knee_z,right_knee_x,right_knee_y,right_knee_z,left_foot_x,left_foot_y,left_foot_z,right_foot_x,right_foot_y,right_foot_z,running_video
0,0.514815092086792,0.2610293328762054,-0.2865991294384002,0.5458182692527771,0.3200475573539734,-0.1524200439453125,0.5665484070777893,0.235326737165451,-0.2055320292711258,0.4876878559589386,0.3192543983459472,-0.1716404557228088,0.4676339328289032,0.2357743680477142,-0.2350385934114456,0.565190315246582,0.1319910287857055,-0.2555650770664215,0.4731875956058502,0.1330252885818481,-0.2820640206336975,0.5327262282371521,0.5246073603630066,0.0033293792512267,0.4954515993595123,0.5230286717414856,-0.003461291315034,0.5328290462493896,0.6535487174987793,0.0487726368010044,0.4877174496650696,0.6567330360412598,0.031728096306324,0.5380077362060547,0.7951120734214783,0.1894473582506179,0.479518860578537,0.7935009002685547,0.1764303743839264,1
1,0.5136451125144958,0.2658694982528686,-0.294134259223938,0.5454626083374023,0.3201738893985748,-0.1587473303079605,0.5666243433952332,0.2385489046573639,-0.212127685546875,0.4875500500202179,0.3199662864208221,-0.1663403213024139,0.4674637615680694,0.236358642578125,-0.2168355882167816,0.5651891231536865,0.1342717558145523,-0.2622324526309967,0.4732494056224823,0.1330737918615341,-0.2606106698513031,0.533007800579071,0.5245938301086426,0.0030736431945115,0.4954167902469635,0.5234251022338867,-0.0031939630862325,0.5332777500152588,0.6553733348846436,0.0556325726211071,0.4878160655498504,0.6572631001472473,0.0310968440026044,0.5380057692527771,0.7939149141311646,0.2052135467529297,0.4796965420246124,0.7909467816352844,0.1806744635105133,1
2,0.5121104717254639,0.2663817405700683,-0.2953962087631225,0.5452722311019897,0.3203797936439514,-0.159981220960617,0.5666258335113525,0.2384296804666519,-0.2149913012981414,0.4870547652244568,0.3213046789169311,-0.1629020124673843,0.4674514234066009,0.237022653222084,-0.2164970934391021,0.5649327635765076,0.1344100832939148,-0.2651371359825134,0.4731875956058502,0.1341722160577774,-0.2609772384166717,0.5331186652183533,0.524145245552063,0.0027511974330991,0.4948452413082123,0.5235652327537537,-0.002854929305613,0.5340502262115479,0.6556745767593384,0.0559977069497108,0.487983763217926,0.6574074625968933,0.0326659455895423,0.5380371809005737,0.7932559847831726,0.2065082341432571,0.4798484146595001,0.7901237607002258,0.1847152411937713,1
3,0.5112956166267395,0.266769677400589,-0.2952172458171844,0.5450707077980042,0.3205585777759552,-0.1593998223543167,0.5666636824607849,0.2402773797512054,-0.2152389883995056,0.4867034256458282,0.3227785527706146,-0.1590387374162674,0.4674219191074371,0.2373824268579483,-0.2127935290336609,0.5648437738418579,0.1347522884607315,-0.2658874690532684,0.4730234146118164,0.134605273604393,-0.2573717832565307,0.5331686735153198,0.5240335464477539,0.0026316011790186,0.4948299825191498,0.5235790014266968,-0.0027265660464763,0.5352584719657898,0.6590953469276428,0.0556410960853099,0.4879772067070007,0.6586629152297974,0.0328105315566062,0.5381059646606445,0.7937729954719543,0.2039205282926559,0.4800997674465179,0.791419506072998,0.1840184181928634,1
4,0.5106412172317505,0.267833411693573,-0.2908277511596679,0.5448889136314392,0.3208711147308349,-0.1595695316791534,0.5668641924858093,0.2405909746885299,-0.217806726694107,0.4862629473209381,0.3233867883682251,-0.1513565182685852,0.4673963189125061,0.2374523878097534,-0.2019326537847519,0.5648426413536072,0.1357975006103515,-0.2670329809188843,0.4729333817958832,0.1346955001354217,-0.247133731842041,0.5331404209136963,0.5237410664558411,0.0004475135647226,0.4946429133415222,0.5235446691513062,-0.0005240176105871,0.535235583782196,0.6589779257774353,0.0542191192507743,0.4880017936229706,0.6586654186248779,0.0354075208306312,0.5383103489875793,0.7933031320571899,0.198736160993576,0.4803290665149688,0.7900831699371338,0.1836401373147964,1
5,0.5106881856918335,0.2685813009738922,-0.2908087372779846,0.5447699427604675,0.3208774328231811,-0.1594956368207931,0.56689453125,0.2411656081676483,-0.2174022048711776,0.4858482778072357,0.3233917653560638,-0.153781458735466,0.4670886099338531,0.238056942820549,-0.2053375095129013,0.5649203658103943,0.1369573920965194,-0.2685580849647522,0.4727508723735809,0.1350953131914138,-0.2506981492042541,0.533247172832489,0.523690402507782,0.0004860136541537,0.4943944215774536,0.5235623121261597,-0.0005653243861161,0.5357279181480408,0.6603865623474121,0.0540966540575027,0.4879988133907318,0.6592050194740295,0.0349539667367935,0.5383144021034241,0.7933591604232788,0.1989413052797317,0.4804068803787231,0.790292501449585,0.1834087967872619,1
6,0.5100393295288086,0.2685397267341614,-0.280963271856308,0.5447219610214233,0.3209225833415985,-0.1522092968225479,0.5669769048690796,0.2436110824346542,-0.2087878733873367,0.4858461618423462,0.3234023749828338,-0.1418460756540298,0.4671313464641571,0.2380618005990982,-0.1889297217130661,0.5656541585922241,0.1389453262090683,-0.2594512403011322,0.4720551073551178,0.1352331489324569,-0.2368867397308349,0.5330849885940552,0.5233792662620544,-0.0007199661340564,0.4943768084049225,0.5231037139892578,0.0006373301730491,0.535696268081665,0.6602360010147095,0.052767239511013,0.4880003631114959,0.6586859822273254,0.0373071953654289,0.5383179783821106,0.7920292615890503,0.1988654434680938,0.4804304540157318,0.786803126335144,0.1874862164258957,1
7,0.5100691914558411,0.2701262235641479,-0.3027081191539764,0.5444533824920654,0.3212791681289673,-0.1696982681751251,0.5671281814575195,0.2439698129892349,-0.2276553958654403,0.4856177866458893,0.3235143423080444,-0.1625167727470398,0.4668158590793609,0.2384439557790756,-0.2137475460767746,0.5658794045448303,0.1389136910438537,-0.2795031368732452,0.4718433022499084,0.1355991512537002,-0.2624573111534118,0.5338225960731506,0.5232157707214355,-0.0007212568307295,0.4943650364875793,0.5231655240058899,0.0006394761730916,0.5358386635780334,0.6595714688301086,0.052788071334362,0.488044410943985,0.6586943864822388,0.0381534844636917,0.5383091568946838,0.7919893860816956,0.1979777663946151,0.480895072221756,0.7868739366531372,0.1869782358407974,1
8,0.5100829005241394,0.2701783776283264,-0.2879776358604431,0.544415295124054,0.3213222026824951,-0.153087168931961,0.5670639872550964,0.2443260699510574,-0.207940012216568,0.4855649173259735,0.3235027492046356,-0.1544787585735321,0.4666901230812073,0.237940639257431,-0.2107999473810196,0.5660756230354309,0.1388774812221527,-0.2581315338611603,0.471824437379837,0.1351589262485504,-0.2563876509666443,0.5335356593132019,0.5234227180480957,-0.000220825735596,0.4940215051174164,0.5237707495689392,0.0001425001682946,0.5358772277832031,0.6595079898834229,0.0513144582509994,0.487811267375946,0.6596193909645081,0.0368498973548412,0.5383161902427673,0.7924949526786804,0.1975229084491729,0.4808831512928009,0.7874950170516968,0.1859430968761444,1
9,0.5100334286689758,0.2700134515762329,-0.2891382575035095,0.5444974899291992,0.3213213682174682,-0.1555147320032119,0.5674185156822205,0.2440963983535766,-0.2125870734453201,0.485580712556839,0.3235523700714111,-0.1571535170078277,0.4667005836963653,0.2384235858917236,-0.2136422842741012,0.5661191940307617,0.1388605684041977,-0.2638925015926361,0.4715673625469208,0.1351528912782669,-0.2585925459861755,0.5342854857444763,0.5232459902763367,3.129769902443513e-05,0.4940861463546753,0.5237377285957336,-0.0001145642163464,0.5357950925827026,0.6593563556671143,0.0525731109082698,0.4879669845104217,0.6593547463417053,0.0351508744060993,0.5382729172706604,0.7925804853439331,0.198532834649086,0.4808802604675293,0.7875301837921143,0.1835422813892364,1
10,0.5101460814476013,0.2701061069965362,-0.2906571626663208,0.5444822907447815,0.3214578032493591,-0.1597810089588165,0.5675676465034485,0.2440724968910217,-0.2183485776185989,0.4855892956256866,0.3235711455345154,-0.1573615074157714,0.4665560722351074,0.2386984676122665,-0.2135655730962753,0.5661557912826538,0.138878583908081,-0.2691439986228943,0.4715616405010223,0.1357093453407287,-0.2581956684589386,0.5342589616775513,0.523285448551178,-2.9058224754408e-05,0.4940847754478454,0.5239431858062744,-5.474857607623562e-05,0.5358132123947144,0.6586611866950989,0.0534769408404827,0.4880154430866241,0.6590473055839539,0.0361734963953495,0.5383352637290955,0.7923654913902283,0.1984525471925735,0.4808816015720367,0.787428081035614,0.1838254779577255,1
11,0.5100845694541931,0.269968181848526,-0.2929624915122986,0.5443181395530701,0.3217774927616119,-0.161010131239891,0.5678309798240662,0.2440674155950546,-0.2183552235364914,0.4855086207389831,0.3236426115036011,-0.1589638441801071,0.4665555655956268,0.2382388114929199,-0.2144838720560073,0.5662816166877747,0.1388689279556274,-0.2689932584762573,0.4715650677680969,0.1355137377977371,-0.2602825164794922,0.5341451168060303,0.5232492685317993,-4.0218394133262336e-05,0.4941052794456482,0.5238677859306335,-4.491830259212293e-05,0.5357620120048523,0.6587164998054504,0.0534067079424858,0.4880234897136688,0.6589750647544861,0.0365290232002735,0.5384452939033508,0.7920657396316528,0.2014464437961578,0.480882853269577,0.7864746451377869,0.1879598200321197,1
12,0.5102089643478394,0.2661958336830139,-0.2881325781345367,0.5445060133934021,0.3215398788452148,-0.1589813530445099,0.5678384900093079,0.2439524829387664,-0.2170763164758682,0.4850236773490906,0.3224888443946838,-0.1582897752523422,0.4665508568286896,0.2381665557622909,-0.2144207656383514,0.5662737488746643,0.1398782134056091,-0.267244428396225,0.4715141952037811,0.1353911608457565,-0.2571705877780914,0.5341691970825195,0.5227474570274353,0.0009258627542294,0.4940707087516784,0.5237119197845459,-0.0010208034655079,0.535752534866333,0.6587021350860596,0.0575170554220676,0.487955629825592,0.6592782139778137,0.034378744661808,0.5384438633918762,0.7917367219924927,0.2054439485073089,0.4808551371097564,0.7871149778366089,0.187124416232109,1
13,0.5105463862419128,0.2667935490608215,-0.2914315462112427,0.5444939136505127,0.3216930031776428,-0.1613433510065078,0.5680522322654724,0.2445398122072219,-0.2198025286197662,0.4847863018512726,0.3226934969425201,-0.1651500314474105,0.4659373164176941,0.2383669465780258,-0.2274689823389053,0.5663142800331116,0.1418162435293197,-0.2696968615055084,0.471509724855423,0.1353986412286758,-0.2684508562088012,0.5342023968696594,0.5222535133361816,0.0013537337072193,0.493775874376297,0.523443877696991,-0.0014510786859318,0.5357494354248047,0.6586924195289612,0.0549229495227336,0.4877727627754211,0.6599791646003723,0.0306260753422975,0.5383748412132263,0.7911362051963806,0.2037660181522369,0.4807114601135254,0.7876916527748108,0.1808299720287323,1
14,0.5110645294189453,0.267462819814682,-0.3123302757740021,0.5444594621658325,0.3216806948184967,-0.1769856512546539,0.5679904818534851,0.2438757717609405,-0.2353667616844177,0.4847781956195831,0.3225403428077698,-0.1922518163919448,0.4659015834331512,0.2377582341432571,-0.2685431540012359,0.5663068294525146,0.1417960822582245,-0.2840307652950287,0.4715880453586578,0.1341084092855453,-0.3114154934883117,0.5342051386833191,0.5219507813453674,0.0028894010465592,0.4935604035854339,0.5231304168701172,-0.0030080520082265,0.5358005166053772,0.6587318181991577,0.0538577325642108,0.4875255525112152,0.6607067584991455,0.0284473784267902,0.5383760333061218,0.7916252613067627,0.1978758722543716,0.4806254804134369,0.7891154289245605,0.174101173877716,1
15,0.5115260481834412,0.2677359879016876,-0.2947188317775726,0.5444295406341553,0.3215138912200928,-0.1591703295707702,0.5680686235427856,0.2438671290874481,-0.2125145345926284,0.4847983121871948,0.3221927881240845,-0.1794882267713546,0.4657608568668365,0.2380434423685073,-0.2552152276039123,0.5664178729057312,0.1417955905199051,-0.2611353993415832,0.4715654551982879,0.1345630288124084,-0.2859352231025696,0.5343121290206909,0.521500289440155,0.0036766463890671,0.4935292303562164,0.5227392315864563,-0.0037896267604082,0.5358098745346069,0.6587436199188232,0.0538468472659587,0.4874785244464874,0.6610152125358582,0.0284688081592321,0.5383859276771545,0.7915949821472168,0.1965252459049224,0.480539858341217,0.7891245484352112,0.1728586703538894,1
16,0.5115296244621277,0.268510639667511,-0.302619993686676,0.544423520565033,0.3217187821865082,-0.1676432788372039,0.5680999755859375,0.2442046552896499,-0.2247156649827957,0.4848084449768066,0.3224974870681762,-0.1808307319879531,0.4657128453254699,0.238814890384674,-0.2489185631275177,0.5664898157119751,0.142096996307373,-0.2751285433769226,0.4716120362281799,0.1351757198572158,-0.2872273027896881,0.5343112349510193,0.5214911103248596,0.0036609261296689,0.4935012757778168,0.522695779800415,-0.003774604992941,0.5357367396354675,0.6588347554206848,0.0535348318517208,0.4873743951320648,0.6609900593757629,0.028882035985589,0.5384849905967712,0.7918316721916199,0.1953652501106262,0.4805107414722442,0.7894681692123413,0.1737113147974014,1
17,0.5114033222198486,0.2673857808113098,-0.2975361049175262,0.5444532036781311,0.3217226564884186,-0.1646518856287002,0.568115770816803,0.2446016073226928,-0.223562866449356,0.4845984578132629,0.3225004374980926,-0.1732081323862075,0.465713769197464,0.2388115525245666,-0.2396476715803146,0.5665553212165833,0.1428684741258621,-0.2750028073787689,0.4716159403324127,0.1344597339630127,-0.2788032591342926,0.5345601439476013,0.5214844942092896,0.0036385813727974,0.4934945404529571,0.5226812362670898,-0.0037527745589613,0.5357349514961243,0.6588469743728638,0.0534763522446155,0.4872970283031463,0.6610013842582703,0.0273124556988477,0.5384804010391235,0.7917935848236084,0.195713073015213,0.4804653525352478,0.7905375361442566,0.1738626956939697,1
18,0.5116316676139832,0.2673884928226471,-0.3091340363025665,0.5444595217704773,0.3217454552650451,-0.1719632297754287,0.5681196451187134,0.2445669323205948,-0.2290419787168502,0.4846257269382477,0.3225984871387481,-0.1888439059257507,0.4657363593578338,0.2384549528360366,-0.2634805142879486,0.5663729906082153,0.1429456919431686,-0.2790176570415497,0.4716319441795349,0.1342578828334808,-0.3041139841079712,0.534506618976593,0.5214420557022095,0.0042544933967292,0.4935339391231537,0.5225949883460999,-0.0043809306807816,0.5357180833816528,0.658694326877594,0.0534604750573635,0.4872575998306274,0.6609307527542114,0.0269985534250736,0.538471519947052,0.791842520236969,0.1958311200141906,0.4804564714431762,0.7905322909355164,0.1737525910139084,1
19,0.5116496682167053,0.2673448324203491,-0.3089035153388977,0.5444638133049011,0.3218356668949127,-0.17275470495224,0.5681565403938293,0.2446071505546569,-0.2310138195753097,0.4845679104328155,0.3226781487464905,-0.1862091571092605,0.4657299816608429,0.2384326457977295,-0.2607235610485077,0.5665930509567261,0.1430381834506988,-0.2819643020629883,0.4717254638671875,0.1340229362249374,-0.3069348931312561,0.5345203876495361,0.5212311148643494,0.0041711092926561,0.4935023188591003,0.5224055051803589,-0.0042987479828298,0.5357125401496887,0.6587051749229431,0.0513235107064247,0.4872279763221741,0.6608769297599792,0.0264502000063657,0.5385268330574036,0.7921247482299805,0.1923715323209762,0.4804535806179046,0.7909377217292786,0.1716167479753494,1
20,0.5117247700691223,0.2681902050971985,-0.3160343468189239,0.5444873571395874,0.3218275904655456,-0.1787769645452499,0.5681620836257935,0.244612455368042,-0.2354760020971298,0.4845918118953705,0.3224780559539795,-0.1951124221086502,0.4657731056213379,0.2374975681304931,-0.2732549905776977,0.5665881633758545,0.143026664853096,-0.2852262854576111,0.4718071818351745,0.1332089304924011,-0.3204579055309295,0.5345192551612854,0.5211852192878723,0.0043700048699975,0.4934906661510467,0.5221922397613525,-0.0045022666454315,0.5357083082199097,0.6588584780693054,0.0512615479528903,0.4872192740440368,0.6607840657234192,0.0264127217233181,0.5385435223579407,0.7927521467208862,0.1920265555381775,0.4804490208625793,0.7915936708450317,0.1707278341054916,1
21,0.5118639469146729,0.2696722745895386,-0.3142387270927429,0.5444584488868713,0.3216746747493744,-0.1773026883602142,0.568198025226593,0.2445971220731735,-0.2348209023475647,0.4845848977565765,0.3222710490226745,-0.1919833868741989,0.4657535552978515,0.2374694496393203,-0.2639266848564148,0.5667674541473389,0.1429089158773422,-0.2846060991287231,0.4718137979507446,0.1331609934568405,-0.3021112382411957,0.5345658659934998,0.5210765600204468,0.0043557272292673,0.4934864342212677,0.5221421718597412,-0.0044875689782202,0.535688042640686,0.6588367819786072,0.0521753840148448,0.4872186481952667,0.6607766151428223,0.0279278215020895,0.5384181141853333,0.7921172380447388,0.1948693245649337,0.4804645776748657,0.7916026711463928,0.1732607185840606,1
22,0.5118682980537415,0.2694247364997864,-0.3201196491718292,0.5444616675376892,0.3217048048973083,-0.1796287596225738,0.5681919455528259,0.2445201128721237,-0.2351633161306381,0.4846130609512329,0.3223110139369964,-0.1995312720537185,0.4657465517520904,0.2368615269660949,-0.282561182975769,0.5666694641113281,0.1427484005689621,-0.2847311794757843,0.4718403220176697,0.1328345388174057,-0.3330367803573608,0.5344809889793396,0.5210610032081604,0.0048062782734632,0.4934888184070587,0.5221065878868103,-0.0049523711204528,0.5356845259666443,0.6590449213981628,0.0529718250036239,0.4871946573257446,0.6607698798179626,0.0290960408747196,0.538406252861023,0.7929822206497192,0.1969638913869857,0.4804531335830688,0.7918635010719299,0.1756793707609176,1
23,0.5118276476860046,0.269393116235733,-0.3193335831165313,0.5443640351295471,0.3217949569225311,-0.1789512187242508,0.5681844353675842,0.2444034367799759,-0.2346576303243637,0.4845829606056213,0.3225085735321045,-0.1993015259504318,0.4657403826713562,0.2369109094142913,-0.2718028128147125,0.5666801333427429,0.1427561342716217,-0.2841919660568237,0.4718908965587616,0.1333227455615997,-0.3154167830944061,0.5346092581748962,0.5211185216903687,0.0045453002676367,0.4934886991977691,0.5220868587493896,-0.0046848175115883,0.5356719493865967,0.6592023968696594,0.0529186800122261,0.4871280789375305,0.6610257625579834,0.0295882523059844,0.5384179353713989,0.7929840683937073,0.1963890492916107,0.4803737103939056,0.7931331992149353,0.1755811870098114,1
24,0.5118501782417297,0.2683357298374176,-0.2906996309757232,0.544499397277832,0.3215081095695495,-0.1529890596866607,0.5680057406425476,0.2443423569202423,-0.2037888616323471,0.4853705763816833,0.3224343955516815,-0.1688606888055801,0.4667258560657501,0.2369050681591034,-0.2374710291624069,0.5667552351951599,0.1427893936634063,-0.2550700902938843,0.4721297025680542,0.1338253021240234,-0.2835299074649811,0.5345700979232788,0.5207114815711975,0.0043169572018086,0.493505448102951,0.5215685963630676,-0.0044479523785412,0.5356678366661072,0.6592445373535156,0.056466344743967,0.4873177111148834,0.6584799289703369,0.0312500149011611,0.5386367440223694,0.7931237816810608,0.1984793990850448,0.4805467426776886,0.7929697632789612,0.1782384812831878,1
25,0.5117827653884888,0.2684383392333984,-0.3067537844181061,0.5445083975791931,0.321636289358139,-0.1661100685596466,0.5680257678031921,0.2446477860212326,-0.2241219729185104,0.4852932095527649,0.3224635124206543,-0.1743459850549698,0.4667181074619293,0.2376848012208938,-0.2589571475982666,0.5667819976806641,0.1426870226860046,-0.2747827768325805,0.4725418388843536,0.1340418308973312,-0.3229949176311493,0.534588098526001,0.5207263231277466,0.0040573147125542,0.4931570589542389,0.5215516090393066,-0.0041877501644194,0.5356982946395874,0.6592538356781006,0.0518922321498394,0.4870476126670837,0.6596480011940002,0.0308862496167421,0.5388504862785339,0.7942904829978943,0.1980624943971634,0.4804644882678985,0.7937197685241699,0.1781865954399109,1
26,0.5116633176803589,0.268627405166626,-0.3068029582500458,0.5447241067886353,0.3216277658939361,-0.1664451509714126,0.568476676940918,0.2445136755704879,-0.2272195070981979,0.4849111139774322,0.3225377798080444,-0.1770251542329788,0.466530293226242,0.2383239716291427,-0.2589166164398193,0.5667866468429565,0.1425959169864654,-0.2788760960102081,0.4725078046321869,0.1341551095247268,-0.3174800872802734,0.5346015095710754,0.5215057730674744,0.0040478366427123,0.4928459227085113,0.5216441750526428,-0.0041779205203056,0.535698652267456,0.659917414188385,0.0519144311547279,0.4869250357151031,0.6619781255722046,0.0295468159019947,0.5388727188110352,0.7952110767364502,0.2032332271337509,0.4806362986564636,0.7936171293258667,0.1804995536804199,1
27,0.5116568207740784,0.2685434520244598,-0.3031776845455169,0.5447263121604919,0.3216325342655182,-0.165560781955719,0.5684375762939453,0.2445456683635711,-0.2226487696170807,0.4848966896533966,0.3225326538085937,-0.1735851466655731,0.4666165113449096,0.2383756786584854,-0.2419283986091613,0.5668715238571167,0.1426996141672134,-0.2714268565177917,0.4726524651050567,0.1345270723104477,-0.2864059805870056,0.5343637466430664,0.5218775868415833,0.0032439096830785,0.4923514425754547,0.5217106938362122,-0.0033697970211505,0.5356363654136658,0.6601153016090393,0.0525469258427619,0.4867636263370514,0.6625281572341919,0.0368394181132316,0.5389006733894348,0.7957695722579956,0.2055413126945495,0.4806398749351501,0.792127251625061,0.1915263831615448,1
28,0.5116502642631531,0.2685559391975403,-0.2965087294578552,0.5447551012039185,0.3220499753952026,-0.1536003947257995,0.5684220194816589,0.2453414052724838,-0.2025261521339416,0.4848895668983459,0.3230442404747009,-0.1748532354831695,0.4664866328239441,0.2394096106290817,-0.2427067905664444,0.5668780207633972,0.1420610100030899,-0.2523622214794159,0.4725881814956665,0.1347285062074661,-0.280674010515213,0.5343611836433411,0.5238987803459167,0.0069798328913748,0.4923253655433655,0.5226127505302429,-0.0071245459839701,0.5356528162956238,0.6612233519554138,0.0683478862047195,0.4867569208145141,0.6632972955703735,0.0341058187186718,0.5388094186782837,0.7963588833808899,0.2192586958408355,0.4805856645107269,0.7914558053016663,0.1892276406288147,1
29,0.5112639665603638,0.2672782838344574,-0.2899282276630401,0.5449257493019104,0.3221063315868377,-0.1505131721496582,0.5686911344528198,0.2446131408214569,-0.2019267976284027,0.4849075078964233,0.3230615854263305,-0.1623652428388595,0.4664835631847381,0.2396058589220047,-0.2247777432203292,0.5668145418167114,0.1416880190372467,-0.2506259381771087,0.4725922644138336,0.1349366754293441,-0.2653023898601532,0.5343937277793884,0.5242055654525757,0.0065461997874081,0.4923315644264221,0.5231838822364807,-0.0066872145980596,0.5356680154800415,0.661613941192627,0.0654624626040458,0.4869866371154785,0.6639291048049927,0.0359264090657234,0.5388834476470947,0.7966122031211853,0.2245916724205017,0.4806507229804992,0.7908573150634766,0.1993936449289322,1
30,0.5113388299942017,0.2670008242130279,-0.2915773689746856,0.5451415777206421,0.3220321238040924,-0.1512098014354705,0.5691424608230591,0.244323045015335,-0.2056802213191986,0.4846600890159607,0.3229981958866119,-0.1629490256309509,0.4663528203964233,0.2401098757982254,-0.2232675105333328,0.5668542981147766,0.1418010890483856,-0.2557279169559479,0.4726018905639648,0.1349932849407196,-0.2658766806125641,0.5343109965324402,0.5241867899894714,0.0042518912814557,0.4922510981559753,0.5232928395271301,-0.0043751690536737,0.5356563925743103,0.6616103649139404,0.0631332546472549,0.4870173633098602,0.663808286190033,0.0355813987553119,0.5389080047607422,0.7957590222358704,0.2211900204420089,0.4806088805198669,0.7908034920692444,0.1963183581829071,1
31,0.5114714503288269,0.2669166624546051,-0.2927677929401397,0.5454319715499878,0.3220374286174774,-0.152822658419609,0.5694977045059204,0.2417431026697158,-0.2098321169614792,0.4846583306789398,0.3230640888214111,-0.1647184044122696,0.4661357998847961,0.2406724095344543,-0.2276943624019622,0.5669423341751099,0.1414328813552856,-0.2587366700172424,0.4727597236633301,0.1351815611124038,-0.2701476514339447,0.5343173742294312,0.5250554084777832,0.0042435829527676,0.4922390878200531,0.5238673686981201,-0.0043660630472004,0.536058783531189,0.6615577340126038,0.0625069811940193,0.4868465065956116,0.6646064519882202,0.0355317816138267,0.5388569235801697,0.7959290742874146,0.2192153185606002,0.4808710217475891,0.7907447218894958,0.1949612647294998,1
32,0.5116153955459595,0.2662751078605652,-0.284793883562088,0.5454330444335938,0.3218423724174499,-0.1459845751523971,0.5695838928222656,0.2405803203582763,-0.2001319080591201,0.4846335053443908,0.3230685293674469,-0.1602933555841446,0.4656943082809448,0.2408139854669571,-0.2263556569814682,0.5669928193092346,0.1415191292762756,-0.2507989704608917,0.4727630019187927,0.1359292417764663,-0.2675209045410156,0.5344123840332031,0.5253822207450867,0.0044285664334893,0.4922911524772644,0.524358868598938,-0.0045451801270246,0.5360788702964783,0.6624250411987305,0.0613004937767982,0.4868441820144653,0.6652876734733582,0.0348774679005146,0.5388816595077515,0.7966473698616028,0.2183039337396621,0.4809248745441437,0.7911185622215271,0.1939442604780197,1
33,0.5116125345230103,0.2663145363330841,-0.2863844335079193,0.5454158782958984,0.3220947980880737,-0.1466212570667266,0.5700094103813171,0.2426955848932266,-0.2009161859750747,0.4846263825893402,0.3236419856548309,-0.162364512681961,0.4653078913688659,0.2420767396688461,-0.2334167063236236,0.5671790242195129,0.1426533311605453,-0.2518328130245209,0.4727765619754791,0.1366380751132965,-0.2760502099990845,0.534401535987854,0.5260371565818787,0.0043074795976281,0.492362767457962,0.52470862865448,-0.0044254502281546,0.5367386341094971,0.6623536944389343,0.0611679814755916,0.4867241084575653,0.665435254573822,0.0348513685166835,0.5389175415039062,0.7965414524078369,0.2193715125322342,0.4808511137962341,0.7910224199295044,0.1951423436403274,1
34,0.5114423632621765,0.267241895198822,-0.2832141816616058,0.5454332828521729,0.3224648833274841,-0.1476326733827591,0.5701881647109985,0.2445688545703888,-0.203083649277687,0.4845495522022247,0.3243133425712585,-0.1573599427938461,0.4648433327674866,0.2425238192081451,-0.2243441194295883,0.5671859383583069,0.145006313920021,-0.2530446052551269,0.4727304875850677,0.1374135613441467,-0.2643468081951141,0.5345085263252258,0.5272067785263062,0.0042114472016692,0.492368072271347,0.5252144932746887,-0.0043200706131756,0.5371752381324768,0.663008451461792,0.0596189610660076,0.486439973115921,0.6654581427574158,0.0270929541438817,0.5388393998146057,0.7963702082633972,0.2143155187368393,0.4808238744735718,0.7912572026252747,0.1835578083992004,1
35,0.5113988518714905,0.2677576839923858,-0.284664899110794,0.545402467250824,0.3228468298912048,-0.1487369537353515,0.570468544960022,0.2456249445676803,-0.2035499960184097,0.484380692243576,0.3244738578796386,-0.1582264751195907,0.4645352959632873,0.242884486913681,-0.2233124673366546,0.5672113299369812,0.146498829126358,-0.2537462115287781,0.4727333188056946,0.1387594938278198,-0.2624545991420746,0.5343114137649536,0.5274154543876648,0.0042690928094089,0.4922911524772644,0.5254824757575989,-0.0043727923184633,0.5371859669685364,0.6635235548019409,0.059471495449543,0.4860081076622009,0.6654615998268127,0.0260319337248802,0.5387461185455322,0.7963911890983582,0.2107701003551483,0.4806676506996155,0.7914018630981445,0.1799747347831726,1
36,0.5113977789878845,0.271950364112854,-0.2547718286514282,0.5451809167861938,0.3248730599880218,-0.1192073822021484,0.5703620314598083,0.2500526010990143,-0.1739779263734817,0.4844486117362976,0.3253712058067322,-0.1288181692361831,0.4642723500728607,0.2449383735656738,-0.1916563510894775,0.5674313902854919,0.1497192829847335,-0.2247272282838821,0.472600370645523,0.143382266163826,-0.2363781332969665,0.534756064414978,0.5275434851646423,0.0045877522788941,0.4930492341518402,0.5261317491531372,-0.0046649342402815,0.5392470955848694,0.6635568737983704,0.0413053520023822,0.4855184257030487,0.6654029488563538,0.0083411997184157,0.5382074117660522,0.7939244508743286,0.1932033002376556,0.4806759059429168,0.7913890480995178,0.1582749038934707,1
37,0.5115197896957397,0.2745805978775024,-0.265338122844696,0.545177161693573,0.3266334235668182,-0.1285503655672073,0.5706841945648193,0.2522211968898773,-0.1789909452199936,0.484445184469223,0.325673907995224,-0.1379759758710861,0.4642294049263,0.2449365109205246,-0.2017115205526352,0.5673813223838806,0.1514004617929458,-0.2286840975284576,0.472752571105957,0.1440748572349548,-0.2445132434368133,0.5347646474838257,0.52783203125,0.0043184175156056,0.4930568039417267,0.5268965363502502,-0.0043858373537659,0.5400426387786865,0.6635115146636963,0.0295411646366119,0.4847652316093445,0.6652128100395203,-0.0002486865560058,0.5380469560623169,0.7917018532752991,0.1906052976846695,0.480651706457138,0.7914597392082214,0.1570139974355697,1
38,0.5116143822669983,0.2787657678127289,-0.269191563129425,0.5450499057769775,0.3306390643119812,-0.1326494663953781,0.5709659457206726,0.2562326490879059,-0.1865613460540771,0.4843063652515411,0.3285793364048004,-0.1410664767026901,0.4640515446662903,0.2470307499170303,-0.2054757326841354,0.5679518580436707,0.1580208092927932,-0.2351040542125702,0.4731332659721374,0.1466087400913238,-0.2472356110811233,0.5347672700881958,0.5294469594955444,0.0043406053446233,0.4929936230182647,0.5298976302146912,-0.0044068419374525,0.5413805246353149,0.6647354364395142,0.0301984958350658,0.4843935966491699,0.6657171845436096,-0.004922944586724,0.5380323529243469,0.7915002703666687,0.1866665780544281,0.4807955324649811,0.7928508520126343,0.1494326144456863,1
39,0.5120161175727844,0.2820941805839538,-0.2681942582130432,0.5450484752655029,0.3333495259284973,-0.1296455860137939,0.5714528560638428,0.2579545676708221,-0.180354356765747,0.4842430055141449,0.3308021128177643,-0.1413843333721161,0.4638596177101135,0.2504620552062988,-0.2046110928058624,0.568013072013855,0.1607114672660827,-0.2257642149925232,0.4735559821128845,0.149147629737854,-0.2436752319335937,0.5342752933502197,0.5327392816543579,0.0043626707047224,0.4923955500125885,0.5337409973144531,-0.0044297208078205,0.5427854061126709,0.6650000810623169,0.0262214262038469,0.4836426973342895,0.6675201058387756,-0.0086500933393836,0.5378578901290894,0.7912287712097168,0.1842944175004959,0.4808616936206817,0.7932860255241394,0.1483618170022964,1
40,0.5120301842689514,0.2854802012443542,-0.2661766707897186,0.5451638698577881,0.3372284770011902,-0.12982277572155,0.5721507668495178,0.2618180215358734,-0.1829486787319183,0.4842543005943298,0.3351819813251495,-0.1326097846031189,0.463765799999237,0.2542281448841095,-0.1900483518838882,0.5681073665618896,0.1640658229589462,-0.2262582033872604,0.4737086892127991,0.1529747992753982,-0.2326500713825225,0.5346190929412842,0.5375170707702637,0.0037145109381526,0.4923270642757416,0.5381152629852295,-0.0037778099067509,0.5438696146011353,0.6696935296058655,0.0251948200166225,0.4825411736965179,0.6696609854698181,-0.0087767438963055,0.5380489826202393,0.7911336421966553,0.1857521086931228,0.481370061635971,0.7940950393676758,0.151934877038002,1
41,0.5120316743850708,0.2909096181392669,-0.2464280277490615,0.5451220870018005,0.3410640358924866,-0.119200587272644,0.5725107789039612,0.2668097019195556,-0.1785880029201507,0.4842504262924194,0.3390414714813232,-0.1128869950771331,0.4637326598167419,0.2583208978176117,-0.1730224639177322,0.5681053400039673,0.16849285364151,-0.224025011062622,0.4743299186229706,0.1566226184368133,-0.2198675572872162,0.5345285534858704,0.5426287651062012,0.0016770190559327,0.4921826124191284,0.541772723197937,-0.0017292029224336,0.5451998114585876,0.6711698174476624,-0.011728161945939,0.4808540046215057,0.6713035702705383,-0.0322704799473285,0.5380408763885498,0.791070282459259,0.1594961285591125,0.4813472330570221,0.7941287159919739,0.1349761933088302,1
42,0.5117745399475098,0.2953202426433563,-0.2491594702005386,0.5451180934906006,0.3439623117446899,-0.1197321489453315,0.5728246569633484,0.2696671783924103,-0.1761745810508728,0.4838616549968719,0.3415531516075134,-0.1173675209283828,0.4637214541435241,0.2615615427494049,-0.1764353364706039,0.5681171417236328,0.1722747832536697,-0.2193169146776199,0.4749384820461273,0.1600343286991119,-0.220888540148735,0.5345287919044495,0.5463017821311951,0.0017343363724648,0.4920917153358459,0.5445907115936279,-0.0017876842757686,0.546208918094635,0.6756237149238586,-0.0090803941711783,0.4800725281238556,0.6750381588935852,-0.0405515506863594,0.5379013419151306,0.791081428527832,0.1665135771036148,0.4815024435520172,0.7945989370346069,0.1316715031862259,1
43,0.5110052227973938,0.3000861406326294,-0.2405234277248382,0.5446670055389404,0.3484873175621032,-0.1157886981964111,0.5728518962860107,0.2734383642673492,-0.1703266650438308,0.48367440700531,0.347517728805542,-0.1130424290895462,0.4633746445178985,0.2674924433231354,-0.1723938286304474,0.5681477785110474,0.1764910072088241,-0.2127155512571334,0.4752112030982971,0.1660284399986267,-0.2181248664855957,0.534331202507019,0.5487207770347595,0.0014156501274555,0.4919741749763489,0.5477094054222107,-0.0014776348834857,0.5469011664390564,0.6755433082580566,-0.0612655840814113,0.4795849025249481,0.6753233075141907,-0.0664593055844307,0.5378950238227844,0.7909683585166931,0.1199832037091255,0.4815036952495575,0.7945041060447693,0.1049599274992942,1
44,0.5109201669692993,0.3055275678634643,-0.2315670996904373,0.5446599125862122,0.3531762659549713,-0.1082435622811317,0.5731279253959656,0.2774113416671753,-0.1635673940181732,0.4835042059421539,0.3506637513637543,-0.1047074869275093,0.4630394279956817,0.2733271420001983,-0.1632582992315292,0.5680264234542847,0.1818166673183441,-0.2045594900846481,0.4752950370311737,0.1716217845678329,-0.2071259766817093,0.5342916250228882,0.5525174736976624,0.0012152954004704,0.4916608929634094,0.5512447357177734,-0.0012773867929354,0.5473105311393738,0.6793036460876465,-0.0579250827431678,0.4790652990341186,0.6764628887176514,-0.0775987952947616,0.5378057360649109,0.7910069823265076,0.119441770017147,0.4814920723438263,0.7948090434074402,0.0937244892120361,1
45,0.5110595226287842,0.3143309950828552,-0.2357187718153,0.5445973873138428,0.3660862147808075,-0.1097735688090324,0.5731098055839539,0.2898093163967132,-0.1579931825399398,0.4832330048084259,0.3622746467590332,-0.1136453077197074,0.4627481698989868,0.2841142117977142,-0.1808155179023742,0.5677807927131653,0.19563689827919,-0.1973120272159576,0.4750531613826751,0.1838170140981674,-0.2177207022905349,0.534064531326294,0.5596253275871277,0.0025269573088735,0.4914633631706238,0.5579503178596497,-0.0026147654280066,0.5482590794563293,0.6825844049453735,-0.0705533549189567,0.478606253862381,0.6787739992141724,-0.0931408554315567,0.5378857254981995,0.7909435629844666,0.1202874183654785,0.4816010594367981,0.7948558330535889,0.0877033844590187,1
46,0.5113566517829895,0.3204586803913116,-0.2260269224643707,0.5443452000617981,0.3714541792869568,-0.0975701808929443,0.5731813907623291,0.3001722693443298,-0.1384245902299881,0.4830319285392761,0.3694330155849457,-0.1117657721042633,0.4622293412685394,0.2928158938884735,-0.180107831954956,0.5682137608528137,0.2026509493589401,-0.1777041107416153,0.4744657576084137,0.1911530196666717,-0.2183762639760971,0.533906877040863,0.5630308985710144,0.0026934999041259,0.4913763701915741,0.5623522400856018,-0.0027936086989939,0.5487809777259827,0.6824902296066284,-0.0876805111765861,0.4775852262973785,0.6812664866447449,-0.0937459096312522,0.5381615161895752,0.7909789681434631,0.1123169288039207,0.4817648530006408,0.7948733568191528,0.0922000110149383,1
47,0.5112361311912537,0.3249547779560089,-0.2080101072788238,0.5443404912948608,0.3781816661357879,-0.0901184007525444,0.5733633041381836,0.3039640486240387,-0.1375298202037811,0.4830210506916046,0.3757326900959015,-0.0946918055415153,0.4618940651416778,0.3005993664264679,-0.1599331349134445,0.5682893395423889,0.2101305276155471,-0.1748853623867035,0.4737326800823211,0.2033890336751938,-0.2002603560686111,0.5337803959846497,0.5662376880645752,0.0023681034799665,0.4912701249122619,0.5664689540863037,-0.0024716972839087,0.549267590045929,0.6824002265930176,-0.1280503720045089,0.4767168462276459,0.6854661703109741,-0.1060918122529983,0.5385103225708008,0.7914315462112427,0.0650981068611145,0.4819026589393616,0.7955479621887207,0.0723730251193046,1
48,0.5118973851203918,0.3298504054546356,-0.1990920752286911,0.5443421006202698,0.3842401206493377,-0.0784777924418449,0.5737133026123047,0.3107509016990661,-0.1240499168634414,0.4830403625965118,0.381987065076828,-0.0837183892726898,0.4617123603820801,0.3069999516010284,-0.1523640900850296,0.5687392354011536,0.2186936885118484,-0.1579107791185379,0.4737191498279571,0.2110797017812729,-0.1949550211429596,0.5338445901870728,0.5729732513427734,0.0017375488532707,0.4912896752357483,0.5734867453575134,-0.001838929252699,0.5501364469528198,0.685219943523407,-0.1448203176259994,0.476024180650711,0.6918065547943115,-0.1353478282690048,0.5387592315673828,0.791379451751709,0.0633231699466705,0.4819469451904297,0.795967161655426,0.0555928498506546,1
49,0.5120273232460022,0.3400785326957702,-0.2060247808694839,0.5443845391273499,0.3890455067157745,-0.0898073464632034,0.574077308177948,0.3175451457500458,-0.1402680873870849,0.4830233752727508,0.3868188560009002,-0.0840811356902122,0.4613940417766571,0.3114298582077026,-0.1551134884357452,0.5692923665046692,0.2250323593616485,-0.1718014180660247,0.4735737442970276,0.2155027985572815,-0.1990738064050674,0.5335583090782166,0.5768296122550964,0.0010198059026151,0.4912236928939819,0.5761846303939819,-0.0011306272353976,0.5502129197120667,0.6868361830711365,-0.18337082862854,0.4753147065639496,0.6934430599212646,-0.1536476463079452,0.5387058854103088,0.7914205193519592,0.0198934730142354,0.4817487001419067,0.7955986261367798,0.0272345021367073,1
50,0.5121936202049255,0.341836005449295,-0.1893556863069534,0.5447748899459839,0.3936518132686615,-0.0758643895387649,0.5743053555488586,0.325347751379013,-0.1271617263555526,0.483113557100296,0.3923041522502899,-0.0769738852977752,0.4612416625022888,0.3202657103538513,-0.1482485681772232,0.5704373121261597,0.2324524074792862,-0.1635466068983078,0.4734674096107483,0.2229263186454773,-0.1895935237407684,0.5333141088485718,0.5804823040962219,0.0008368626586161,0.4909871816635132,0.5795634388923645,-0.0009431893704459,0.5507852435112,0.6868836283683777,-0.1837712079286575,0.4748468995094299,0.697243869304657,-0.1616751700639724,0.5389522314071655,0.7912025451660156,0.0306238606572151,0.4817661643028259,0.7960516214370728,0.0358237773180007,1
51,0.5129613280296326,0.3486977815628052,-0.1976155638694763,0.5450525879859924,0.3998854458332062,-0.0831067785620689,0.5749578475952148,0.3317035734653473,-0.1385913342237472,0.4833209812641144,0.3982845544815063,-0.0836020782589912,0.4612296819686889,0.3260760307312011,-0.1523988097906112,0.5709428787231445,0.2398570328950882,-0.1772973984479904,0.4734657704830169,0.229701429605484,-0.1929271519184112,0.5334869623184204,0.5847795009613037,5.769028575741686e-05,0.4911278188228607,0.583987832069397,-0.0001751818490447,0.5510533452033997,0.6885237097740173,-0.1888467520475387,0.4741227328777313,0.6987345814704895,-0.165109634399414,0.5391746163368225,0.7911776900291443,0.0317644402384758,0.4818295836448669,0.7961328625679016,0.0382282994687557,1
52,0.5127553343772888,0.356168657541275,-0.1979262381792068,0.5456677079200745,0.4053177237510681,-0.0878025740385055,0.5755207538604736,0.3373890221118927,-0.1413499563932418,0.4837017655372619,0.4044255912303924,-0.0860751718282699,0.4611624479293823,0.332775205373764,-0.1494888961315155,0.5710850358009338,0.247598186135292,-0.1791243702173233,0.4732475876808166,0.2386904060840606,-0.188051164150238,0.533320426940918,0.5870559215545654,-0.0002499460824765,0.4911297559738159,0.5860821604728699,0.0001326365600107,0.5511389374732971,0.6888246536254883,-0.2078006565570831,0.4737661778926849,0.6989748477935791,-0.1654311567544937,0.5391877889633179,0.7923189997673035,-0.0164517816156148,0.4818345606327057,0.7960754036903381,0.0144232176244258,1
53,0.5129750370979309,0.3747406005859375,-0.1990197002887725,0.5452089905738831,0.4215573370456695,-0.0873917564749717,0.5760581493377686,0.3597212135791778,-0.1348982751369476,0.4835494458675384,0.4176091849803924,-0.088917963206768,0.4607148170471191,0.3483794927597046,-0.1497900336980819,0.5718766450881958,0.2637656629085541,-0.1732749491930008,0.4726763963699341,0.2541698217391968,-0.189997136592865,0.5331951975822449,0.5975293517112732,0.0002296547754667,0.4910759925842285,0.5960903763771057,-0.0003482687461655,0.5521379113197327,0.690342128276825,-0.2316725105047226,0.473028153181076,0.7017803192138672,-0.2140302509069442,0.5395776629447937,0.7922800183296204,-0.0100380592048168,0.4818547368049621,0.7961869239807129,-0.0101539511233568,1
54,0.5144151449203491,0.380521148443222,-0.2182921320199966,0.5459260940551758,0.4288362562656402,-0.1014830619096756,0.5775713324546814,0.3619929254055023,-0.1554577350616455,0.4839558601379394,0.4256924092769623,-0.1048143059015274,0.4606742560863495,0.357771098613739,-0.1672778725624084,0.5724928379058838,0.273070216178894,-0.1961700916290283,0.4725700616836548,0.2635879814624786,-0.1984211355447769,0.5331581830978394,0.6032782196998596,0.000262749090325,0.4910677671432495,0.6012482047080994,-0.0003781953128054,0.5521670579910278,0.6902679800987244,-0.2833585739135742,0.4725329279899597,0.7001742124557495,-0.2656020224094391,0.5395809412002563,0.792262077331543,-0.0832828506827354,0.4818311333656311,0.7960566878318787,-0.0881578400731086,1
55,0.515601634979248,0.3849844932556152,-0.2197934240102768,0.5459147691726685,0.4345455765724182,-0.1013991087675094,0.5775502920150757,0.3707723021507263,-0.153203010559082,0.484001100063324,0.4334558248519897,-0.1124800592660904,0.4606287181377411,0.3672297596931457,-0.1782217621803283,0.5740277767181396,0.2810001373291015,-0.1883900165557861,0.471412718296051,0.2734536230564117,-0.2080607116222381,0.5329940319061279,0.6084274053573608,0.0013098890194669,0.4910466969013214,0.6068105101585388,-0.0014241138705983,0.5523489713668823,0.6907018423080444,-0.2664023041725158,0.4720654487609863,0.7005828022956848,-0.2460833489894867,0.5395826697349548,0.7923582792282104,-0.0625882297754287,0.4818267226219177,0.7960646748542786,-0.0623620115220546,1
56,0.5161128640174866,0.3922517597675323,-0.2414912730455398,0.5460684299468994,0.4399972558021545,-0.1139256134629249,0.5777271389961243,0.3863294422626495,-0.1664675623178482,0.484046071767807,0.4375015199184418,-0.129122793674469,0.4605845212936401,0.3745797276496887,-0.1970924884080886,0.5745913982391357,0.2922147512435913,-0.2116146087646484,0.4710297286510467,0.2806715965270996,-0.2266449630260467,0.5329678058624268,0.6125865578651428,0.0033009734470397,0.4910776317119598,0.610517680644989,-0.0033945783507078,0.552826464176178,0.6909502744674683,-0.3067080676555633,0.4718212187290191,0.6975802779197693,-0.3041578233242035,0.5397632718086243,0.7933878898620605,-0.1234062165021896,0.4818126261234283,0.7960891723632812,-0.130063310265541,1
57,0.516584575176239,0.3996176123619079,-0.2634863257408142,0.5463714003562927,0.4445634484291076,-0.1337454169988632,0.5781123042106628,0.394471526145935,-0.1932256519794464,0.48421111702919,0.443528801202774,-0.1463720202445984,0.46052947640419,0.382608026266098,-0.2251190841197967,0.5750172734260559,0.2991276979446411,-0.2431020438671112,0.4705966711044311,0.2893757224082947,-0.2704582512378692,0.5328665375709534,0.6162949204444885,0.0034351570066064,0.4911018311977386,0.613269031047821,-0.0035301626194268,0.5529138445854187,0.6922332644462585,-0.3002175986766815,0.4716880619525909,0.6969926357269287,-0.3053017258644104,0.5397799015045166,0.7933810353279114,-0.1062966138124466,0.4817598462104797,0.795741856098175,-0.1156833544373512,1
58,0.5166665315628052,0.4047442972660064,-0.2610585987567901,0.5466411709785461,0.4509169459342956,-0.1366880238056183,0.5793797373771667,0.4004859924316406,-0.2010293751955032,0.4846959412097931,0.4481644034385681,-0.1397625803947448,0.4605369865894317,0.3864709138870239,-0.2134938389062881,0.5754432082176208,0.3059225678443908,-0.2535431683063507,0.4711936712265014,0.295360267162323,-0.2570035755634308,0.5328009128570557,0.619045615196228,0.0030872137285768,0.4911001324653625,0.6164091229438782,-0.0031856670975685,0.5527651309967041,0.6922212839126587,-0.322113424539566,0.4715643525123596,0.6963364481925964,-0.3070361912250519,0.5397626757621765,0.7933840751647949,-0.1274033635854721,0.4816724956035614,0.7955873608589172,-0.1204109042882919,1
59,0.5165863037109375,0.4134215116500854,-0.2634037733078003,0.5468226671218872,0.4575251042842865,-0.1418921649456024,0.579798698425293,0.4050169885158539,-0.2125216573476791,0.48507821559906,0.4543259143829345,-0.1381247788667678,0.460443764925003,0.3931703567504883,-0.2148100286722183,0.5763716101646423,0.3131297826766968,-0.2662560939788818,0.4716776907444,0.3029876947402954,-0.2648208737373352,0.532775342464447,0.6230517625808716,0.0021584567148238,0.4912151992321014,0.6199791431427002,-0.0022571724839508,0.5527591705322266,0.6927497386932373,-0.3298249244689941,0.4714558720588684,0.6946657299995422,-0.3172902166843414,0.5398427844047546,0.792393684387207,-0.123080737888813,0.4816671311855316,0.7951042652130127,-0.1261317878961563,1
60,0.5169976353645325,0.4189368486404419,-0.2601840198040008,0.5477749705314636,0.4611495733261108,-0.1358882635831833,0.5813455581665039,0.4127750396728515,-0.2010398358106613,0.4862790405750274,0.4593011438846588,-0.133054569363594,0.4606160223484039,0.4002571702003479,-0.1965393126010894,0.5781784653663635,0.3247078955173492,-0.2504962384700775,0.4715568423271179,0.3114381432533264,-0.2429879456758499,0.5328563451766968,0.6255133748054504,0.0017189409118145,0.4913700819015503,0.6226748824119568,-0.001811298308894,0.5528548955917358,0.6931595802307129,-0.3330377340316772,0.4714662134647369,0.695389986038208,-0.3140789866447449,0.5397765040397644,0.7903709411621094,-0.126247689127922,0.4817038476467132,0.794933557510376,-0.1212333664298057,1
61,0.5175856947898865,0.4231053590774536,-0.2594039738178253,0.5480815172195435,0.4660241305828094,-0.1345264762639999,0.5838601589202881,0.4170073270797729,-0.2033105939626693,0.4863008260726928,0.4644457697868347,-0.1310367882251739,0.4606313109397888,0.4118446707725525,-0.1997100412845611,0.5789698958396912,0.3290429711341858,-0.2563008666038513,0.4713422954082489,0.3213702142238617,-0.2553307116031647,0.5331467390060425,0.6272659301757812,0.0015099109150469,0.4917910397052765,0.6259214878082275,-0.001612803665921,0.5528308749198914,0.6930232644081116,-0.3375860452651977,0.4711996614933014,0.6964257955551147,-0.3195061087608337,0.5395879149436951,0.7904923558235168,-0.1352102011442184,0.4817142486572265,0.794348418712616,-0.1226549223065376,1
62,0.5175765156745911,0.4277471899986267,-0.2597628831863403,0.54856276512146,0.4703412652015686,-0.1358202397823333,0.583798348903656,0.4271329343318939,-0.2134997099637985,0.4865152537822723,0.4703209102153778,-0.1295433789491653,0.4606840908527374,0.4215361773967743,-0.2037640959024429,0.5791890025138855,0.3365625143051147,-0.2762748301029205,0.4712245166301727,0.3315551877021789,-0.2643690705299377,0.5331887602806091,0.6316810250282288,0.0012238014023751,0.4917978644371032,0.6306734681129456,-0.0013355949195101,0.5528351068496704,0.6918305158615112,-0.3404756486415863,0.4708997309207916,0.6963577270507812,-0.3292405009269714,0.5395475625991821,0.7902671098709106,-0.1414209753274917,0.4813785851001739,0.7918205857276917,-0.130171924829483,1
63,0.5185877084732056,0.4358061254024505,-0.2625183463096618,0.5487419962882996,0.473119854927063,-0.1364612877368927,0.5842534303665161,0.4292795658111572,-0.2118126600980758,0.4864619672298431,0.4738360345363617,-0.1315751671791076,0.460667222738266,0.4226339161396026,-0.215892031788826,0.5801039934158325,0.343116283416748,-0.2773095965385437,0.4713525772094726,0.3361990749835968,-0.2838443517684936,0.5332561135292053,0.6336168646812439,0.0012168494286015,0.4919086694717407,0.6329171061515808,-0.0013280700659379,0.5528577566146851,0.6918482184410095,-0.3413228094577789,0.4707902371883392,0.6963557004928589,-0.3336809277534485,0.5393781661987305,0.7903034687042236,-0.1470400989055633,0.4814065098762512,0.7913361191749573,-0.1356730610132217,1
64,0.5185346007347107,0.4401662051677704,-0.2410047650337219,0.548771321773529,0.4783355295658111,-0.1165449246764183,0.5841990113258362,0.434223473072052,-0.1821295320987701,0.4865034818649292,0.4789255261421203,-0.1073915958404541,0.4606549143791199,0.4258051514625549,-0.1710092723369598,0.5803535580635071,0.348681628704071,-0.240350067615509,0.471345454454422,0.3414406180381775,-0.2155350595712661,0.5332621335983276,0.6397338509559631,-0.0001214155054185,0.491911232471466,0.6392082571983337,3.210604700143449e-05,0.5524580478668213,0.6883457899093628,-0.3406561911106109,0.4703842103481293,0.6958939433097839,-0.3279331922531128,0.5392473936080933,0.7903122305870056,-0.1557919085025787,0.4813140332698822,0.7902035117149353,-0.1403417140245437,1
65,0.5186567306518555,0.4458638727664947,-0.2421664446592331,0.5485878586769104,0.483312040567398,-0.1131824627518653,0.5841690301895142,0.4402011930942535,-0.1736470013856887,0.4862497746944427,0.4829176664352417,-0.109912633895874,0.4604841470718384,0.4311696290969848,-0.1716235727071762,0.581051766872406,0.3560138344764709,-0.2341562211513519,0.4713569581508636,0.3460924327373504,-0.2153605073690414,0.5333051681518555,0.6429631114006042,-0.0002150465879822,0.4919839203357696,0.6418835520744324,0.000134739864734,0.5524634718894958,0.6838688850402832,-0.3446703851222992,0.4699919521808624,0.693875789642334,-0.3257493078708648,0.5390711426734924,0.7905360460281372,-0.1743466109037399,0.4813517034053802,0.7901397943496704,-0.1507617831230163,1
66,0.51924067735672,0.450118213891983,-0.243039458990097,0.5489270687103271,0.4884602725505829,-0.1124235913157463,0.5840964913368225,0.4438917636871338,-0.1777900159358978,0.486643522977829,0.4885827600955963,-0.1101000756025314,0.4604392945766449,0.4387686848640442,-0.1740577667951584,0.5811290144920349,0.3610674440860748,-0.2406401187181472,0.4712860882282257,0.3529266715049743,-0.2203354090452194,0.5333414077758789,0.6451937556266785,-0.0005117087857797,0.4920752644538879,0.6443362236022949,0.0004280095163267,0.5523080229759216,0.6809519529342651,-0.3522396087646484,0.4687312543392181,0.694087564945221,-0.3251211047172546,0.5390675067901611,0.7907110452651978,-0.178727239370346,0.4812195003032684,0.7894317507743835,-0.1450539082288742,1
67,0.5193755030632019,0.4539805650711059,-0.2177432179450988,0.5486150979995728,0.4929319024085998,-0.0919499173760414,0.5831042528152466,0.4489681720733642,-0.1448409557342529,0.4867588579654693,0.492751806974411,-0.0917460396885871,0.4606674313545227,0.4421562254428863,-0.144256129860878,0.5813692808151245,0.3674480319023132,-0.2021607756614685,0.4713707268238067,0.3565901517868042,-0.1791307181119918,0.532703697681427,0.6469277143478394,-0.0004698992706835,0.4919103384017944,0.64647376537323,0.0003955737629439,0.5523281693458557,0.6767036318778992,-0.3352498710155487,0.4684569537639618,0.6935057640075684,-0.3178438246250152,0.5390145778656006,0.7915627360343933,-0.179340198636055,0.4812615215778351,0.7894379496574402,-0.1564291268587112,1
68,0.5195850729942322,0.4607203304767608,-0.2259454131126403,0.5485125780105591,0.4966848194599151,-0.0926515012979507,0.58189457654953,0.4536680877208709,-0.1723547428846359,0.4869552850723266,0.49759441614151,-0.0971623361110687,0.4606219828128814,0.4475136697292328,-0.163812980055809,0.5819391012191772,0.3710280954837799,-0.2498378008604049,0.4713608920574188,0.3627126514911651,-0.2169675976037979,0.5330978035926819,0.6506649255752563,-0.0003156221355311,0.4921610057353973,0.6506372094154358,0.0002441467659082,0.5523831248283386,0.6774505972862244,-0.3424802422523498,0.4683691561222076,0.6934198141098022,-0.3254965245723724,0.538851797580719,0.7917307019233704,-0.1810300201177597,0.4812671840190887,0.78996741771698,-0.1623209118843078,1
69,0.5196412801742554,0.4655439257621765,-0.2066196352243423,0.5483373999595642,0.5021429061889648,-0.0851448476314544,0.5812109112739563,0.4630630016326904,-0.1498000174760818,0.4868229031562805,0.5016310811042786,-0.0826926305890083,0.4604110717773437,0.4534725844860077,-0.1485199630260467,0.5820006728172302,0.3759479522705078,-0.2123181372880935,0.4713269472122192,0.3680298924446106,-0.1967106759548187,0.5325480699539185,0.6554825901985168,-0.0003100963367614,0.4913689494132995,0.6548123955726624,0.000239487257204,0.5525487661361694,0.675169050693512,-0.3347229957580566,0.4683714210987091,0.6887839436531067,-0.3262254595756531,0.5388585329055786,0.7916003465652466,-0.1836156994104385,0.4811969697475433,0.7899797558784485,-0.1723786294460296,1
70,0.5208668112754822,0.4695809781551361,-0.2059337198734283,0.5481966733932495,0.5058168172836304,-0.085268996655941,0.5812177658081055,0.4671915471553802,-0.1427151411771774,0.4866114258766174,0.5061995387077332,-0.0871405452489852,0.4601593911647796,0.458439826965332,-0.1543229669332504,0.5823137164115906,0.3827887177467346,-0.1995766162872314,0.4713446795940399,0.3714390993118286,-0.2030776888132095,0.5321608185768127,0.6591145396232605,4.6288569137686864e-05,0.4913383424282074,0.6580528020858765,-8.875443745637313e-05,0.5528509616851807,0.6744903326034546,-0.3326892554759979,0.4680198729038238,0.6843180060386658,-0.3344857096672058,0.5388769507408142,0.79157555103302,-0.1884587556123733,0.4812286794185638,0.7901777029037476,-0.1902155429124832,1
71,0.5207852125167847,0.4731941521167755,-0.2098307907581329,0.5483611226081848,0.5073849558830261,-0.0881546065211296,0.5816688537597656,0.4700758159160614,-0.1499988436698913,0.4865482449531555,0.5072020888328552,-0.0893221199512481,0.4599333703517914,0.4595581293106079,-0.1579940170049667,0.5824636220932007,0.3859718739986419,-0.2053567320108413,0.4714128375053406,0.3753146529197693,-0.2155779153108596,0.5317431688308716,0.659649133682251,0.0003312562475912,0.4912208914756775,0.6586644649505615,-0.000362251070328,0.5537388920783997,0.6732880473136902,-0.330403059720993,0.4680214822292328,0.6829847693443298,-0.3338576257228851,0.5389605760574341,0.7913765907287598,-0.1864780336618423,0.4812529981136322,0.7902998924255371,-0.1877100765705108,1
72,0.5202293992042542,0.4752379953861236,-0.2573066353797912,0.5490449070930481,0.5106717944145203,-0.1327398121356964,0.5826960206031799,0.4769345819950104,-0.2264165580272674,0.4870560765266418,0.5128340721130371,-0.1257117539644241,0.4601825177669525,0.4679568409919739,-0.2243997901678085,0.5825552344322205,0.3909071981906891,-0.3061606287956238,0.4711339771747589,0.3807798624038696,-0.3075384795665741,0.5335193872451782,0.6620741486549377,0.0003107381053268,0.4919944405555725,0.6604011654853821,-0.0003461219603195,0.5537388920783997,0.6844568252563477,-0.3448559641838074,0.4679873287677765,0.6864204406738281,-0.3356650769710541,0.538960337638855,0.7918099761009216,-0.177320972084999,0.4813433289527893,0.7908908724784851,-0.171069785952568,1
73,0.519959568977356,0.4789921045303345,-0.2447290867567062,0.5490391850471497,0.5127063393592834,-0.1230426803231239,0.5832393169403076,0.4794946610927582,-0.2099999487400055,0.4870727956295013,0.5141780972480774,-0.118938498198986,0.4601829349994659,0.4704774618148803,-0.2094383239746093,0.5829293727874756,0.3946206867694855,-0.2891753017902374,0.4708607494831085,0.3839053511619568,-0.2839398682117462,0.5338438749313354,0.6632744669914246,0.0001216067757923,0.4927267432212829,0.6625158786773682,-0.0001489091664552,0.553758978843689,0.6835381984710693,-0.344143271446228,0.4680362343788147,0.6853930950164795,-0.3237718343734741,0.5395777225494385,0.7918461561203003,-0.184746041893959,0.4813971519470215,0.7913779616355896,-0.1713790297508239,1
74,0.5192220211029053,0.4813505411148071,-0.2361094951629638,0.5490241646766663,0.5142456293106079,-0.1186469048261642,0.5834997892379761,0.4814774096012115,-0.1993719786405563,0.4869611859321594,0.5148457288742065,-0.1151423752307891,0.4602789580821991,0.4743174314498901,-0.200245127081871,0.5833231806755066,0.3984411954879761,-0.275338739156723,0.4707716703414917,0.3883745968341827,-0.2725413739681244,0.5338274836540222,0.6644092798233032,1.3663878235092852e-05,0.4928370118141174,0.6640129089355469,-3.1887797376839444e-05,0.553847074508667,0.6800537705421448,-0.3358993232250213,0.4680620431900024,0.684746265411377,-0.3191595077514648,0.5397681593894958,0.7918282747268677,-0.1860868632793426,0.4814004600048065,0.79244464635849,-0.175379067659378,1
75,0.5192814469337463,0.4823854267597198,-0.2346849143505096,0.5489646196365356,0.5150514245033264,-0.117621824145317,0.5833413004875183,0.4840916395187378,-0.19617660343647,0.4869545102119446,0.5151135921478271,-0.1131797656416893,0.4602760970592499,0.4769825041294098,-0.199670061469078,0.5836065411567688,0.401449590921402,-0.270958811044693,0.4707428216934204,0.3916066288948059,-0.2731859087944031,0.5336555242538452,0.6653059124946594,6.212735752342269e-05,0.4928211867809295,0.6643601059913635,-7.645592995686457e-05,0.5539005398750305,0.6799095869064331,-0.3305841982364654,0.4681113362312317,0.6837567090988159,-0.3207393586635589,0.5397093892097473,0.7919410467147827,-0.185658648610115,0.481464684009552,0.7932701110839844,-0.1810331046581268,1
76,0.5187541842460632,0.4826432466506958,-0.2383455634117126,0.5488930344581604,0.5167644023895264,-0.121067002415657,0.5833365321159363,0.4854886531829834,-0.2011168748140335,0.4868615567684173,0.5170477628707886,-0.116430215537548,0.4601261019706726,0.4783610701560974,-0.2004468291997909,0.583573043346405,0.4013701975345611,-0.271144688129425,0.4704301655292511,0.3932677805423736,-0.2703101933002472,0.5335448384284973,0.6662238836288452,6.135895091574639e-05,0.4928169846534729,0.6647892594337463,-7.560640369774774e-05,0.5542978048324585,0.6809853315353394,-0.320851057767868,0.4681073725223541,0.6837270259857178,-0.3181458711624145,0.5395815968513489,0.7921887040138245,-0.1810781210660934,0.4814777374267578,0.7934842109680176,-0.1802605986595153,1
77,0.5183752775192261,0.4837548732757568,-0.2261671423912048,0.54879230260849,0.5173999667167664,-0.1107741296291351,0.5833333730697632,0.4867823421955108,-0.1877358257770538,0.4868095517158508,0.5178573131561279,-0.106240876019001,0.4599638283252716,0.4797333776950836,-0.1848626881837844,0.58319491147995,0.402872234582901,-0.2549177408218384,0.4703194499015808,0.3955244123935699,-0.2485446035861969,0.5334569215774536,0.667450487613678,-0.000110164299258,0.4928565621376037,0.6660673022270203,0.0001037711699609,0.5543051362037659,0.6806929707527161,-0.3180500566959381,0.4681095480918884,0.6826196312904358,-0.3150850832462311,0.5395305752754211,0.7924825549125671,-0.1810692399740219,0.4814475476741791,0.7935380339622498,-0.1800472438335418,1
78,0.5183534026145935,0.484442263841629,-0.226366251707077,0.5487313866615295,0.5180765390396118,-0.1117584258317947,0.583238422870636,0.4873534142971039,-0.195061594247818,0.4868029654026031,0.5188044905662537,-0.1077802330255508,0.4596604108810425,0.4809282124042511,-0.1932373940944671,0.5830793976783752,0.4038993716239929,-0.2711640894412994,0.4700232446193695,0.3961778283119201,-0.2649644613265991,0.5334336161613464,0.6674566268920898,-0.0001157752631115,0.492885023355484,0.6661611199378967,0.0001092534876079,0.5543069243431091,0.6805048584938049,-0.320535272359848,0.4680055975914001,0.6823567152023315,-0.3139634132385254,0.5395259261131287,0.7926129102706909,-0.1863431632518768,0.4815130531787872,0.7944881319999695,-0.1858695149421692,1
79,0.5184189081192017,0.4849985241889953,-0.236473873257637,0.5486782789230347,0.5179912447929382,-0.1161978915333747,0.5832245349884033,0.4891283512115478,-0.2020683586597442,0.4866900444030761,0.5192066431045532,-0.1137850359082222,0.4595126509666443,0.4821972250938415,-0.2032150328159332,0.5831597447395325,0.4049077033996582,-0.2804145216941833,0.4694221615791321,0.3981964886188507,-0.2790042757987976,0.5334192514419556,0.6674846410751343,-0.0002264310896862,0.4929052889347076,0.6662344336509705,0.0002185654157074,0.5542974472045898,0.680730402469635,-0.3209944069385528,0.467993676662445,0.6823708415031433,-0.314357578754425,0.5395426154136658,0.79262375831604,-0.1830528229475021,0.4815168082714081,0.7944976091384888,-0.1826821416616439,1
80,0.5183255672454834,0.4853687882423401,-0.237471804022789,0.5485391616821289,0.5178905725479126,-0.1167588084936142,0.5831787586212158,0.4895753562450409,-0.2053630352020263,0.4865321815013885,0.5191440582275391,-0.1143751665949821,0.4594257175922394,0.4826719462871551,-0.2071342319250106,0.5832459926605225,0.4053707718849182,-0.2867017388343811,0.4687027335166931,0.3988065123558044,-0.2886490821838379,0.533402681350708,0.6674341559410095,-0.0002412083704257,0.4929628670215606,0.6662006974220276,0.0002321727224625,0.5542158484458923,0.6807914972305298,-0.3216435015201568,0.4680630564689636,0.6824218034744263,-0.315008133649826,0.5394893288612366,0.792631983757019,-0.1813826262950897,0.4815025925636291,0.7945740818977356,-0.1820767968893051,1
81,0.5183308720588684,0.485313355922699,-0.237025961279869,0.5483621954917908,0.5175475478172302,-0.1148260384798049,0.5830051302909851,0.4894894063472748,-0.2028148472309112,0.4861195981502533,0.5190579295158386,-0.1138306409120559,0.4593454599380493,0.4823804497718811,-0.2053381353616714,0.5834819674491882,0.4054459631443023,-0.2839356958866119,0.4685318171977997,0.398459643125534,-0.2846210598945617,0.5333186388015747,0.6673119068145752,-0.0002563582966104,0.4929623901844024,0.6661926507949829,0.0002499998663552,0.5542474389076233,0.6795558333396912,-0.3192629516124725,0.4681500196456909,0.6823074221611023,-0.3153470456600189,0.5394867062568665,0.7926150560379028,-0.1787804663181305,0.4815029203891754,0.7945997714996338,-0.1820002943277359,1
82,0.518096923828125,0.4844480156898498,-0.2328953295946121,0.5481866598129272,0.5162675976753235,-0.1121563911437988,0.5828392505645752,0.4881859123706817,-0.1965267062187194,0.4861043691635132,0.5183620452880859,-0.1107192263007164,0.4593273103237152,0.4820748269557953,-0.1983856856822967,0.5834568738937378,0.4051759839057922,-0.2753601372241974,0.4684662818908691,0.3978858292102813,-0.2727097272872925,0.5332489609718323,0.6665821671485901,-0.0002801849914249,0.492935448884964,0.6659581065177917,0.0002724755613598,0.554231584072113,0.6795706748962402,-0.3194600045681,0.468124657869339,0.6826887726783752,-0.3154254555702209,0.5394890308380127,0.7925896644592285,-0.1788654923439026,0.4815106391906738,0.7945539355278015,-0.1799704879522323,1
83,0.5165880918502808,0.4778310656547546,-0.2234695702791214,0.5477491617202759,0.5119866728782654,-0.108639508485794,0.5816285610198975,0.479381650686264,-0.1952576637268066,0.4860095083713531,0.514262855052948,-0.103418618440628,0.4590715765953064,0.4780144691467285,-0.1927890628576278,0.5821683406829834,0.3978113234043121,-0.2737199366092682,0.4681790471076965,0.3935738205909729,-0.2689110040664673,0.5332320332527161,0.6615539789199829,-0.0002720630727708,0.4930656552314758,0.6602380871772766,0.0002593850367702,0.5544864535331726,0.6795492768287659,-0.3199420273303985,0.4681421518325805,0.6823821067810059,-0.3162747919559479,0.5394880771636963,0.7922763824462891,-0.1810743361711502,0.4816731512546539,0.7942494750022888,-0.1832859516143798,1
84,0.5165469646453857,0.471290111541748,-0.2458771914243698,0.5472299456596375,0.5083341598510742,-0.1245094761252403,0.5809586644172668,0.4769940972328186,-0.2161958068609237,0.4853869974613189,0.5075263977050781,-0.1236528381705284,0.4589542746543884,0.4699916243553161,-0.2205879986286163,0.5805066227912903,0.3942156732082367,-0.2979974448680877,0.4682783186435699,0.3863053619861603,-0.2983568906784057,0.5331637263298035,0.6547660827636719,-0.0001124402406276,0.492712527513504,0.6544738411903381,7.592454494442791e-05,0.5538807511329651,0.6805439591407776,-0.3280328810214996,0.4681529998779297,0.6843700408935547,-0.3134475350379944,0.5395001173019409,0.7924057841300964,-0.1752889156341552,0.4816773533821106,0.790989875793457,-0.161273717880249,1
85,0.5164619088172913,0.4613769948482513,-0.2307158559560775,0.5470679402351379,0.5007002353668213,-0.1184045821428299,0.5808982253074646,0.4719481468200683,-0.2149231731891632,0.4852047264575958,0.4998200535774231,-0.1233303397893905,0.4584140479564667,0.4640067815780639,-0.2133634984493255,0.5796113610267639,0.3891311585903168,-0.291524589061737,0.4682562053203583,0.3799047768115997,-0.2895407378673553,0.5331667065620422,0.6507141590118408,0.0002529633638914,0.4925746023654938,0.6507138013839722,-0.0003116815350949,0.5538827180862427,0.6815997958183289,-0.3274787366390228,0.4681554436683655,0.6877197027206421,-0.3135716319084167,0.5393258333206177,0.7923583984375,-0.1689174324274063,0.481636643409729,0.7902771830558777,-0.157344102859497,1
86,0.5163993835449219,0.4543941915035248,-0.2384704202413559,0.5470582246780396,0.494875818490982,-0.1255946904420852,0.5809045433998108,0.4677827358245849,-0.2262121140956878,0.4854092895984649,0.4946498274803161,-0.1233399286866188,0.4584555029869079,0.4561751186847687,-0.2290570884943008,0.5795342326164246,0.3817937970161438,-0.3115420937538147,0.4682693481445312,0.3734414577484131,-0.3161311149597168,0.5331586003303528,0.6453515887260437,6.806235614931211e-05,0.4925557374954223,0.6448631286621094,-0.0001516860938863,0.5538576245307922,0.6840848326683044,-0.3277257680892944,0.4681505858898163,0.6911031007766724,-0.3074648976325989,0.5393258333206177,0.7913473844528198,-0.1513176262378692,0.4814561903476715,0.7890452146530151,-0.1308368444442749,1
87,0.5165424942970276,0.4496011137962341,-0.2519080340862274,0.5460184216499329,0.4863478541374206,-0.1321994513273239,0.5810211896896362,0.4567526280879974,-0.2350642383098602,0.4849772751331329,0.4861683547496795,-0.134169727563858,0.4578608870506286,0.4477496743202209,-0.2445220500230789,0.5790718793869019,0.3749283254146576,-0.3275545835494995,0.46795654296875,0.3650968074798584,-0.3344430327415466,0.5331355929374695,0.6379233598709106,0.0001886024547275,0.4920937716960907,0.637715220451355,-0.0002839188673533,0.5537203550338745,0.6873255968093872,-0.3117891848087311,0.4681707620620727,0.6952090263366699,-0.3005652129650116,0.5391841530799866,0.7913168668746948,-0.126930758357048,0.4814497530460357,0.789077877998352,-0.1156702563166618,1
88,0.5164284110069275,0.4415377974510193,-0.2358662188053131,0.5453322529792786,0.4781599938869476,-0.1157957315444946,0.5808899998664856,0.4472898542881012,-0.2123198062181472,0.4848228096961975,0.4770194292068481,-0.1155201271176338,0.4578332006931305,0.4402714371681213,-0.2262985110282898,0.5789521336555481,0.3657267093658447,-0.3038254678249359,0.4675315916538238,0.3576410710811615,-0.3221306204795837,0.5329998731613159,0.6311075687408447,0.0001089478319045,0.4920859038829803,0.6310619711875916,-0.0002079375844914,0.553541362285614,0.6886351704597473,-0.3049381673336029,0.4681957364082336,0.6949769854545593,-0.2895560562610626,0.5391359925270081,0.7908895611763,-0.1266794204711914,0.4814265668392181,0.7891968488693237,-0.1143807545304298,1
89,0.5166484713554382,0.4329919517040252,-0.2410359382629394,0.5451866388320923,0.4715713560581207,-0.1197844967246055,0.5808185338973999,0.4363954365253448,-0.2111702412366867,0.4847416281700134,0.4692577719688415,-0.1168586835265159,0.4578109979629516,0.43045374751091,-0.2210744023323059,0.5790048241615295,0.3533717095851898,-0.2920767068862915,0.4673767685890198,0.3486605286598205,-0.3064112365245819,0.5329257249832153,0.6247867345809937,0.0001009378829621,0.4920755326747894,0.6245476603507996,-0.000201311573619,0.5533000826835632,0.6884329319000244,-0.2973918318748474,0.4693120419979095,0.6946732401847839,-0.2856529653072357,0.5391367673873901,0.7902743220329285,-0.1203386113047599,0.481402575969696,0.7892705798149109,-0.1100814715027809,1
90,0.5162413120269775,0.4227369427680969,-0.2312449067831039,0.5449310541152954,0.4635079503059387,-0.1086028069257736,0.580290675163269,0.4259872436523437,-0.1803017109632492,0.4845778048038482,0.4600096642971039,-0.1081228926777839,0.4579304754734039,0.4185398519039154,-0.1897605061531067,0.5791193246841431,0.3454155921936035,-0.2489897906780243,0.4673765301704407,0.3365555107593536,-0.2551511228084564,0.5324696898460388,0.6186486482620239,0.0006408949266187,0.4918287098407745,0.6183646321296692,-0.0007354129920713,0.5531910061836243,0.6879591345787048,-0.2888515591621399,0.4697066247463226,0.6944016814231873,-0.2868795990943908,0.539121687412262,0.7903424501419067,-0.1178871616721153,0.4814237356185913,0.7893154621124268,-0.1077155619859695,1
91,0.5159978866577148,0.4111458659172058,-0.2159573137760162,0.5448924899101257,0.4539806544780731,-0.0939579978585243,0.5803041458129883,0.4161742925643921,-0.1669138818979263,0.4850200116634369,0.4522289335727691,-0.0910887569189071,0.458283007144928,0.4061727225780487,-0.1693913042545318,0.5791307091712952,0.3330958187580108,-0.2366523891687393,0.4673786759376526,0.3257788717746734,-0.2324956953525543,0.5323774218559265,0.6138918399810791,0.0009037271956913,0.4918181598186493,0.6126257181167603,-0.0009915438713505,0.5527182817459106,0.68682461977005,-0.2880525887012481,0.4711575508117676,0.6907123923301697,-0.2874827086925506,0.5391188859939575,0.790266752243042,-0.1143888980150222,0.4814393818378448,0.7892381548881531,-0.1133356094360351,1
92,0.5161782503128052,0.4008968770503998,-0.2195079177618026,0.544891893863678,0.4451383352279663,-0.0916240140795707,0.5800877809524536,0.4087904989719391,-0.1585546880960464,0.4849596917629242,0.4430869817733764,-0.0935568735003471,0.4584193825721741,0.3976163566112518,-0.178264781832695,0.5784565210342407,0.3223550319671631,-0.2262603491544723,0.4673837423324585,0.3143023550510406,-0.250599205493927,0.5322933793067932,0.6078322529792786,0.0023483536206185,0.4917653203010559,0.6071212291717529,-0.0024364499840885,0.5525302886962891,0.6858848929405212,-0.2724228501319885,0.4721202552318573,0.6912232041358948,-0.2698507308959961,0.539158046245575,0.7903690934181213,-0.1018748581409454,0.4814359247684479,0.790912926197052,-0.1001973524689674,1
93,0.5157212018966675,0.3881377577781677,-0.2299249023199081,0.5449817776679993,0.4369549453258514,-0.0983018651604652,0.5799198746681213,0.3974837362766266,-0.1681283563375473,0.4849801659584045,0.4340598285198211,-0.0961820930242538,0.4582968950271606,0.3866257965564728,-0.1834526360034942,0.5778864622116089,0.3085106611251831,-0.2419162839651107,0.4674442410469055,0.3016315102577209,-0.2520211040973663,0.5322602391242981,0.6021421551704407,0.0023110841866582,0.4917619824409485,0.6009044647216797,-0.0024010397028177,0.5523868203163147,0.685890257358551,-0.265177845954895,0.4733738601207733,0.6907932162284851,-0.2543600797653198,0.5391524434089661,0.7888363599777222,-0.078873760998249,0.481336385011673,0.7909866571426392,-0.077459767460823,1
94,0.515753984451294,0.3786005973815918,-0.2242433130741119,0.545021653175354,0.4262123107910156,-0.0953666493296623,0.5795533061027527,0.3781039714813232,-0.1539554297924041,0.485198974609375,0.4243231415748596,-0.0927513018250465,0.4582844972610473,0.3781042993068695,-0.1751500815153122,0.577998161315918,0.2961531579494476,-0.2150395512580871,0.467363953590393,0.2910807728767395,-0.2521205842494964,0.5319567918777466,0.5952396392822266,0.0016084774397313,0.4917370676994324,0.5932018160820007,-0.0017020241357386,0.5519933700561523,0.6859700083732605,-0.2153013795614242,0.4741424918174743,0.6902897357940674,-0.2030237764120102,0.5391652584075928,0.7873492240905762,-0.0206527356058359,0.4815260171890259,0.7912272214889526,-0.021623283624649,1
95,0.5157595276832581,0.3663270175457001,-0.2182417064905166,0.5453333258628845,0.4152600169181824,-0.0863232910633087,0.5793054103851318,0.3648027777671814,-0.144420713186264,0.4852459728717804,0.4137058556079864,-0.0893339216709137,0.4583224058151245,0.3659710586071014,-0.1779256463050842,0.5780621767044067,0.2760815620422363,-0.203295424580574,0.4676419198513031,0.2791768312454223,-0.2727030813694,0.5319668054580688,0.5874244570732117,0.0015996251022443,0.4919780492782593,0.5843824744224548,-0.0016932561993598,0.5519893169403076,0.6859458684921265,-0.2063189893960952,0.4742670655250549,0.6862850189208984,-0.2102213501930236,0.539129376411438,0.7873813509941101,-0.0094862254336476,0.4817104935646057,0.7915381193161011,-0.0245702862739563,1
96,0.5159334540367126,0.3540158867835998,-0.215170755982399,0.5456562638282776,0.4065757691860199,-0.0823274478316307,0.5794751644134521,0.3551677465438843,-0.1430152058601379,0.4852455854415893,0.4026692807674408,-0.0875519514083862,0.4583503901958465,0.3521886467933655,-0.1904051005840301,0.5781574845314026,0.2699603140354156,-0.2087715566158294,0.467709332704544,0.266375720500946,-0.2939991652965545,0.5320835113525391,0.5781536102294922,0.0023529704194515,0.4921702146530151,0.5771158933639526,-0.0024534733965992,0.551974356174469,0.6803701519966125,-0.2177691012620926,0.4754583239555359,0.6847191452980042,-0.1818837374448776,0.5391279458999634,0.7891587018966675,-0.0403220243752002,0.4820254445075989,0.7916358113288879,-0.0129089076071977,1
97,0.5152974724769592,0.3404099941253662,-0.1892410665750503,0.5456850528717041,0.3974937796592712,-0.0555327869951725,0.5795481204986572,0.3443061411380768,-0.0996923893690109,0.4845843017101288,0.3934296071529388,-0.0608555898070335,0.4572697579860687,0.3444091379642486,-0.1424068808555603,0.5782480239868164,0.2568659782409668,-0.154249683022499,0.4677632749080658,0.2545948922634125,-0.2224176973104477,0.5322067141532898,0.5743029117584229,0.0023400529753416,0.4921707808971405,0.5720699429512024,-0.0024395966902375,0.5517904758453369,0.6795432567596436,-0.1654833257198333,0.4759298861026764,0.6843434572219849,-0.1251979023218155,0.5391400456428528,0.7891779541969299,0.0175252649933099,0.4824544787406921,0.7916437387466431,0.0600373856723308,1
98,0.5152549147605896,0.3313833773136139,-0.1839574873447418,0.5457838773727417,0.3884944021701813,-0.0521321073174476,0.5795135498046875,0.3317443132400512,-0.0925093665719032,0.4846290946006775,0.3829075992107391,-0.0575098618865013,0.4577417075634002,0.3306914567947387,-0.125185877084732,0.5783315896987915,0.2422748655080795,-0.1472180634737014,0.4680265188217163,0.2426582872867584,-0.1906508505344391,0.5322064757347107,0.5704351663589478,0.0025976672768592,0.4921945929527282,0.5672478675842285,-0.0026784962974488,0.5512440204620361,0.6797139644622803,-0.1277322471141815,0.4762663841247558,0.6843075752258301,-0.0946977585554122,0.5390377640724182,0.7911455631256104,0.0358416773378849,0.4826778769493103,0.7926514744758606,0.0666648000478744,1
99,0.5154281258583069,0.321702241897583,-0.1875757873058319,0.5465888977050781,0.3791684806346893,-0.0528708919882774,0.5790683031082153,0.3225738108158111,-0.0996041968464851,0.4851940274238586,0.37378591299057,-0.0592385195195674,0.4584221839904785,0.3188531398773193,-0.1425731182098388,0.578347384929657,0.2317298650741577,-0.1599047631025314,0.4686603844165802,0.2293518483638763,-0.2015305161476135,0.5325649380683899,0.5657762289047241,0.0026224975008517,0.4924030601978302,0.5623234510421753,-0.002702283905819,0.5505090355873108,0.6798428297042847,-0.0893790498375892,0.4767203330993652,0.6831435561180115,-0.076929971575737,0.5390412211418152,0.790730893611908,0.0981649383902549,0.4828440845012665,0.7927337288856506,0.1111759915947914,1
100,0.5156527757644653,0.311831384897232,-0.2068015187978744,0.5467713475227356,0.3700112998485565,-0.0581170655786991,0.5787197351455688,0.3126689791679382,-0.1083498448133468,0.4853697419166565,0.3663623332977295,-0.0790396407246589,0.4587262868881225,0.3094897866249084,-0.1540881544351577,0.5783092975616455,0.2199180424213409,-0.1692318767309188,0.4689958989620209,0.215186595916748,-0.2160861641168594,0.5327010750770569,0.5584328174591064,0.0040375017561018,0.4925526082515716,0.5567503571510315,-0.0041222367435693,0.550207257270813,0.6782122254371643,-0.0618097111582756,0.4775830209255218,0.6811120510101318,-0.0644691288471221,0.5391495227813721,0.7902870774269104,0.1193082705140113,0.4829452335834503,0.7928032279014587,0.1143761649727821,1
101,0.5156581997871399,0.2936705946922302,-0.2068307399749755,0.5467716455459595,0.3542978763580322,-0.0588435865938663,0.5779673457145691,0.2950719594955444,-0.102019652724266,0.4852403402328491,0.3525691628456116,-0.0804985389113426,0.4589785933494568,0.289293497800827,-0.1459016054868698,0.5779258012771606,0.194997563958168,-0.1634337902069091,0.4697677791118622,0.1911998689174652,-0.199822649359703,0.5330596566200256,0.549163281917572,0.0056967069394886,0.4929986894130707,0.5467516183853149,-0.0057656755670905,0.5492748618125916,0.6752740144729614,0.0018219664925709,0.4797693490982055,0.6755928993225098,-0.0244547836482524,0.5391585826873779,0.7919376492500305,0.169557049870491,0.4830215275287628,0.7932256460189819,0.1391007304191589,1
102,0.5153999924659729,0.2844849824905395,-0.206422358751297,0.5470749139785767,0.3473231494426727,-0.0592920184135437,0.5777856707572937,0.2823330760002136,-0.1096648275852203,0.4849512279033661,0.344675600528717,-0.0806280896067619,0.4610641300678253,0.2780099511146545,-0.1472562998533249,0.5769771337509155,0.1832794398069381,-0.1647129207849502,0.4718931913375854,0.1792802959680557,-0.2007113099098205,0.5340105891227722,0.5455905199050903,0.0056037767790257,0.4930435419082641,0.5424862504005432,-0.0056771454401314,0.5478305220603943,0.6747194528579712,0.0069103222340345,0.4810389280319214,0.6712687611579895,-0.0271519664674997,0.5388472676277161,0.7932735085487366,0.1785511374473571,0.4829096794128418,0.7925703525543213,0.1405217498540878,1
103,0.5149986147880554,0.2781370282173157,-0.2105790674686432,0.5473693609237671,0.3403628170490265,-0.0715665742754936,0.5774463415145874,0.271093487739563,-0.1256226152181625,0.4846753180027008,0.3381202220916748,-0.0867131128907203,0.4616807997226715,0.2695501148700714,-0.1505715250968933,0.576418936252594,0.1726332008838653,-0.181857094168663,0.4724614024162292,0.168132871389389,-0.2042710781097412,0.5346606373786926,0.5391318202018738,0.0055318954400718,0.4937702119350433,0.5368915796279907,-0.0056043933145701,0.5464586019515991,0.6658525466918945,0.0054924297146499,0.4826942682266235,0.6681064367294312,-0.0157042313367128,0.5387337803840637,0.7927080988883972,0.1670239120721817,0.4828545749187469,0.7924010157585144,0.1409644484519958,1
104,0.51483553647995,0.2756816446781158,-0.2125906348228454,0.5473331809043884,0.3355835378170013,-0.07408107817173,0.5769733190536499,0.2636275589466095,-0.132866695523262,0.484666645526886,0.3346516788005829,-0.0860805585980415,0.4629415869712829,0.262794017791748,-0.1508581042289734,0.5757446885108948,0.1640565395355224,-0.1907339096069336,0.4728051126003265,0.1621111333370208,-0.203255221247673,0.5356032848358154,0.5372759103775024,0.0054849083535373,0.4938201308250427,0.5362901091575623,-0.0055535384453833,0.5446987748146057,0.6662923097610474,0.0335383526980876,0.4839326441287994,0.6682184338569641,0.0055927219800651,0.5386304259300232,0.7934101223945618,0.1928322166204452,0.4825449883937835,0.79215407371521,0.1616738438606262,1
105,0.5146264433860779,0.2713395655155182,-0.2191240340471267,0.5475893616676331,0.3292847871780395,-0.0884242057800293,0.5768650770187378,0.2576239109039306,-0.1515595018863678,0.4847361743450165,0.3281744122505188,-0.0928657054901123,0.4635754227638244,0.253790408372879,-0.1600399613380432,0.5745023488998413,0.1549019068479538,-0.2051081359386444,0.4731603562831878,0.1541088074445724,-0.2034467905759811,0.5361431837081909,0.5338841080665588,0.0051842778921127,0.4938821196556091,0.5321714282035828,-0.0052328598685562,0.5427600145339966,0.6663561463356018,0.0350937359035015,0.4845673739910126,0.6654418110847473,0.0093027204275131,0.5385533571243286,0.7938941717147827,0.1900073438882827,0.4820052087306976,0.7919338941574097,0.1623536795377731,1
106,0.514631450176239,0.2647219002246856,-0.2345911115407943,0.5477620363235474,0.3251231014728546,-0.1042913123965263,0.5768740177154541,0.2521126866340637,-0.1619754582643509,0.4847675561904907,0.3237906694412231,-0.1022802591323852,0.4638184010982513,0.2473111152648925,-0.1630166321992874,0.5741167068481445,0.1504126042127609,-0.2114795893430709,0.47319495677948,0.1483799815177917,-0.2067138105630874,0.5361694693565369,0.532574474811554,0.0010210372274741,0.4938816726207733,0.5309277176856995,-0.0010881721973419,0.5404357314109802,0.6649070978164673,0.0518201738595962,0.4855875372886657,0.662126898765564,0.036168098449707,0.538363516330719,0.7915477156639099,0.2113139629364013,0.481984794139862,0.7895180583000183,0.1970274746417999,1
107,0.5146365165710449,0.2639593183994293,-0.2519062459468841,0.5475772619247437,0.3230104446411133,-0.1121284663677215,0.5765430927276611,0.2502598464488983,-0.1648637503385543,0.4847564101219177,0.320303350687027,-0.1227967739105224,0.4641065299510956,0.2402932345867157,-0.1858932226896286,0.5739692449569702,0.1467728912830352,-0.215650737285614,0.4734146296977997,0.142200767993927,-0.2297360599040985,0.5362704992294312,0.529086709022522,0.0010807351209223,0.4938634932041168,0.5287519693374634,-0.0011615864932537,0.5392299890518188,0.6629866361618042,0.0584075972437858,0.4862354099750519,0.661392867565155,0.0331012196838855,0.5383570194244385,0.7913239002227783,0.2192876935005188,0.481591135263443,0.7846687436103821,0.1968915611505508,1
108,0.5146965384483337,0.259865939617157,-0.2557259500026703,0.5480862259864807,0.3194295167922973,-0.125776320695877,0.5760669708251953,0.2451940476894378,-0.1910657435655594,0.484942078590393,0.3180714547634125,-0.1246831491589546,0.464342325925827,0.2415444552898407,-0.1901550889015197,0.5729827284812927,0.140977144241333,-0.2471311092376709,0.4735296964645386,0.1398256570100784,-0.2370428144931793,0.5364782214164734,0.5261812210083008,0.0007240219856612,0.4938730895519256,0.5260900259017944,-0.0008028651936911,0.5386286973953247,0.6610294580459595,0.0511394254863262,0.4874232411384582,0.6604390740394592,0.0323188938200473,0.5383788347244263,0.7913886904716492,0.2133892476558685,0.4815869331359863,0.7843098640441895,0.1961213648319244,1
109,0.5149566531181335,0.2584531307220459,-0.2690626680850982,0.5480870604515076,0.3177428841590881,-0.1326037347316742,0.5753202438354492,0.2423723638057708,-0.1924243718385696,0.4849695861339569,0.3160212337970733,-0.1435064524412155,0.4645327031612396,0.240619882941246,-0.2128156721591949,0.5729082822799683,0.1391567885875702,-0.2457639425992965,0.474200427532196,0.1351044476032257,-0.2560379803180694,0.5364976525306702,0.5236225724220276,0.0007649802137166,0.4940171539783478,0.524066686630249,-0.0008358619525097,0.5377863049507141,0.660346508026123,0.0493177212774753,0.4880679547786712,0.6603067517280579,0.0303584318608045,0.53839510679245,0.7918421030044556,0.2111621648073196,0.4817614555358886,0.7844218015670776,0.1928433924913406,1
110,0.5146309733390808,0.2576600313186645,-0.2942841947078705,0.5479975342750549,0.3167066276073456,-0.1644473373889923,0.5745307207107544,0.2402703464031219,-0.2316679656505584,0.4849727749824524,0.3163102567195892,-0.1591641902923584,0.4646779596805572,0.2392388731241226,-0.2364378720521927,0.5723661780357361,0.1369506269693374,-0.2825353443622589,0.4743640124797821,0.135116159915924,-0.2973216772079468,0.5366331338882446,0.5220805406570435,-0.0004338659637141,0.4941997528076172,0.5228205323219299,0.0003323351847939,0.5375254154205322,0.659906804561615,0.04695800319314,0.4882567524909973,0.6608411073684692,0.0333771482110023,0.5383920073509216,0.7916812896728516,0.2109617590904235,0.4818412363529205,0.7859810590744019,0.1962369233369827,1
111,0.5142699480056763,0.2584386467933655,-0.2784845530986786,0.5480034351348877,0.3161651790142059,-0.1475328952074051,0.5741123557090759,0.2391832917928695,-0.2110809683799743,0.4853586256504059,0.3160921633243561,-0.1473708003759384,0.4650312960147857,0.237494483590126,-0.2088469564914703,0.5717509984970093,0.1376950889825821,-0.2631058990955353,0.4745414555072784,0.1333034038543701,-0.2546080350875854,0.5366209745407104,0.5218431949615479,-0.0004224229196552,0.4942421615123749,0.5225515961647034,0.0003298076626379,0.5366544127464294,0.6591724157333374,0.047706700861454,0.488490492105484,0.6607761383056641,0.0307294037193059,0.5383897423744202,0.7923703193664551,0.2094867527484893,0.4818711280822754,0.7866729497909546,0.1927466392517089,1
112,0.5139679908752441,0.2554821372032165,-0.2889640033245086,0.5478326678276062,0.3151169121265411,-0.1579955369234085,0.5736939311027527,0.2356603890657425,-0.2210527956485748,0.4853505492210388,0.3153275847434997,-0.1575073897838592,0.4654121696949005,0.2375308871269226,-0.2279526889324188,0.5704808831214905,0.1355481743812561,-0.2736849188804626,0.4749427139759063,0.1333008855581283,-0.2782614827156067,0.536733865737915,0.5210294723510742,-0.0009458070853725,0.4943403005599975,0.5219091176986694,0.0008480588439851,0.5365239381790161,0.6575594544410706,0.0483215264976024,0.4886906445026397,0.6598812937736511,0.0395358726382255,0.5384844541549683,0.792367696762085,0.2108571529388427,0.4819868206977844,0.7862070798873901,0.2021982669830322,1
113,0.5139721632003784,0.2556310594081878,-0.2943305373191833,0.5478223562240601,0.3150057196617126,-0.158976599574089,0.5729345083236694,0.2366079539060592,-0.2187185585498809,0.4856174886226654,0.315470427274704,-0.1658928394317627,0.4658007621765136,0.2356115728616714,-0.2406445890665054,0.5702070593833923,0.1358227878808975,-0.2698456346988678,0.4750528931617737,0.1331183463335037,-0.2945424020290375,0.5368533730506897,0.5205011963844299,0.0007465923554264,0.4944747686386108,0.5213329195976257,-0.0008583106100559,0.5361992716789246,0.6575942039489746,0.0495367683470249,0.4888387024402618,0.659792423248291,0.0387968644499778,0.5384949445724487,0.7930108904838562,0.2101121097803115,0.4819914698600769,0.786357045173645,0.1947681754827499,1
114,0.5141661167144775,0.2559320032596588,-0.3066608011722564,0.5475251078605652,0.3151983022689819,-0.1679103821516037,0.5722662806510925,0.2369173318147659,-0.2320270240306854,0.4853850305080414,0.315372884273529,-0.181989848613739,0.4665690958499908,0.2359748631715774,-0.27602419257164,0.5701649785041809,0.1359387636184692,-0.2865033149719238,0.4752361178398132,0.1332386285066604,-0.3441042304039001,0.5369070172309875,0.5206248164176941,0.0015716275665909,0.4944868683815002,0.5214368104934692,-0.0017038527876138,0.5361901521682739,0.6578415036201477,0.0479449406266212,0.4888330996036529,0.6602720022201538,0.0346771590411663,0.5385251641273499,0.793361246585846,0.2124090641736984,0.4820318818092346,0.7876775860786438,0.1943611800670623,1
115,0.5142900943756104,0.2563128769397735,-0.3056491017341614,0.5476537942886353,0.3147197961807251,-0.159179225564003,0.5721315145492554,0.2347377985715866,-0.2155710607767105,0.4857519268989563,0.3150406181812286,-0.177156463265419,0.4667592048645019,0.2360922694206237,-0.2581657469272613,0.570034921169281,0.1355780214071273,-0.2687087655067444,0.4752039611339569,0.1334500610828399,-0.3163518607616424,0.5369366407394409,0.51994389295578,0.0019958897028118,0.4945487976074219,0.5207996964454651,-0.0021186217200011,0.5360000729560852,0.657669186592102,0.0478018410503864,0.4888775944709778,0.6598242521286011,0.0334519892930984,0.5385459065437317,0.7937877774238586,0.2064511924982071,0.4820375740528106,0.7876730561256409,0.1895392090082168,1
116,0.514325737953186,0.2577975392341614,-0.3283560574054718,0.5470300912857056,0.315002977848053,-0.1850704252719879,0.5716946721076965,0.2350477129220962,-0.2471180856227874,0.4851593673229217,0.315044641494751,-0.2051068842411041,0.4668046534061432,0.2361592352390289,-0.3053015470504761,0.570034921169281,0.1350242644548416,-0.3011544942855835,0.4752865731716156,0.1331472247838974,-0.3773546516895294,0.5371834635734558,0.5196228623390198,0.0035109994933009,0.4948887228965759,0.5205377340316772,-0.0036690807901322,0.5360060930252075,0.657839834690094,0.0452842451632022,0.4888789057731628,0.6597345471382141,0.0239459834992885,0.5385789275169373,0.7939711809158325,0.2064728587865829,0.4821699559688568,0.7886695861816406,0.1850523352622985,1
117,0.5138499736785889,0.2576701045036316,-0.3167641460895538,0.5469685792922974,0.3145439028739929,-0.1761067360639572,0.5717154741287231,0.2331537753343582,-0.2369403541088104,0.4853902161121368,0.3147700130939483,-0.1930393725633621,0.466816246509552,0.2359998077154159,-0.2853497266769409,0.5695724487304688,0.1313319355249405,-0.2906244397163391,0.4747137129306793,0.1331425309181213,-0.3527561128139496,0.537065327167511,0.5195361971855164,0.0051239794120192,0.4950132369995117,0.5197694301605225,-0.0052749873138964,0.5360099077224731,0.656344473361969,0.0475175380706787,0.4889128804206848,0.6572105884552002,0.0243353024125099,0.5386657118797302,0.7939837574958801,0.2052142322063446,0.4818268418312073,0.7886518239974976,0.182876244187355,1
118,0.5135491490364075,0.2577826082706451,-0.3125472366809845,0.5469644665718079,0.3137939870357513,-0.1742583215236663,0.5717173218727112,0.2335124462842941,-0.235422670841217,0.4853934943675995,0.3141863644123077,-0.1810818016529083,0.4669694006443023,0.2352260798215866,-0.2585783898830414,0.5698243975639343,0.1315591633319854,-0.2883898317813873,0.4747177362442016,0.1319564431905746,-0.3290433287620544,0.5371711254119873,0.5191535949707031,0.0030715987086296,0.4950327277183532,0.5196753740310669,-0.0031939493492245,0.5359407067298889,0.6563736200332642,0.0401367582380771,0.4888089895248413,0.6573349237442017,0.0227952785789966,0.5386585593223572,0.7939860820770264,0.2040172666311264,0.4819452166557312,0.7887635827064514,0.1831535249948501,1
119,0.5133244395256042,0.2572847902774811,-0.3138985931873321,0.5468806028366089,0.3135103285312652,-0.1760314553976059,0.5717403292655945,0.2338060885667801,-0.2417452484369278,0.4851599335670471,0.3136013448238373,-0.182257741689682,0.4669216573238373,0.2351433336734771,-0.2678589522838592,0.5698806643486023,0.1315584480762481,-0.2985605895519256,0.4746350049972534,0.1317436546087265,-0.3407529294490814,0.5369994640350342,0.5187006592750549,0.003062451723963,0.4953575134277344,0.5191879272460938,-0.003183932043612,0.5359130501747131,0.656251072883606,0.0406014584004879,0.4888123571872711,0.6564554572105408,0.0200692526996135,0.5386528372764587,0.793994665145874,0.2004022002220153,0.4818524420261383,0.7898098230361938,0.1774393767118454,1
120,0.513234555721283,0.2586466372013092,-0.2981268465518951,0.5468966364860535,0.3138638138771057,-0.166061669588089,0.5717394351959229,0.2347985357046127,-0.2253614068031311,0.4857105314731598,0.3155445754528045,-0.1645879000425338,0.4666687250137329,0.2351491898298263,-0.2297907620668411,0.57002192735672,0.1316566914319992,-0.2754173576831817,0.4744325876235962,0.1317659616470337,-0.2781544029712677,0.5370208621025085,0.5188375115394592,0.0019256899831816,0.4953512251377105,0.5195131301879883,-0.0020280198659747,0.5358955264091492,0.6562070250511169,0.0451706759631633,0.4890898466110229,0.656493604183197,0.0285695865750312,0.5386785864830017,0.7939195036888123,0.200758546590805,0.481688380241394,0.7907251715660095,0.1805243343114853,1
121,0.5131895542144775,0.2604081630706787,-0.3232661485671997,0.5466156005859375,0.3147618472576141,-0.1826625019311905,0.5717300772666931,0.2355881929397583,-0.2408623099327087,0.4851540327072143,0.3161261975765228,-0.1903060525655746,0.4665921330451965,0.2350803911685943,-0.2693556845188141,0.5701681971549988,0.1317440271377563,-0.2912949323654175,0.4743144810199737,0.1313309073448181,-0.3284187316894531,0.5367864370346069,0.5188460350036621,0.0018335267668589,0.494980901479721,0.5197238326072693,-0.0019432087428867,0.535875141620636,0.6562951803207397,0.0473495461046695,0.4890727698802948,0.6574386954307556,0.034732811152935,0.5388252139091492,0.7939127087593079,0.206033706665039,0.4815987348556518,0.7916831970214844,0.1918288916349411,1
122,0.5124236941337585,0.2585293650627136,-0.295281708240509,0.5466333031654358,0.3147516548633575,-0.1583320200443267,0.5717430710792542,0.2359847128391266,-0.2114191055297851,0.4851522445678711,0.3162718117237091,-0.1698132902383804,0.4665015041828155,0.2343969643115997,-0.2385642677545547,0.5705596208572388,0.1316287219524383,-0.2583004236221313,0.4740672707557678,0.1313333809375763,-0.28206267952919,0.5361681580543518,0.5192378163337708,0.0031706052832305,0.4946776032447815,0.5200138688087463,-0.0032863072119653,0.5358139872550964,0.6564628481864929,0.0605925656855106,0.4890722930431366,0.6587416529655457,0.0361527167260646,0.5386486053466797,0.7939663529396057,0.2180812656879425,0.4814512133598327,0.7922115325927734,0.1930095255374908,1
123,0.5119150280952454,0.2601778209209442,-0.297916978597641,0.5466192960739136,0.3157414495944977,-0.1627558320760727,0.5716955065727234,0.2360501885414123,-0.2244181334972381,0.4851520359516144,0.3171314001083374,-0.1593940109014511,0.4664566218852997,0.2351307421922683,-0.2180799692869186,0.5705937147140503,0.1316516995429992,-0.2750340104103088,0.4739130735397339,0.1313404291868209,-0.2717639505863189,0.5362187027931213,0.5193837285041809,-0.0012329143937677,0.4945325851440429,0.5200432538986206,0.0011434660991653,0.5358506441116333,0.6567497253417969,0.0489528328180313,0.4889127016067505,0.6589391827583313,0.0392538495361804,0.5386626720428467,0.7940360903739929,0.2043267786502838,0.4817703366279602,0.7912197709083557,0.1950580477714538,1
124,0.5117130279541016,0.2612218856811523,-0.3043273389339447,0.5464402437210083,0.3161091804504394,-0.1692151725292205,0.5717347264289856,0.2362594008445739,-0.2296643108129501,0.4847680628299713,0.3172173500061035,-0.1639792770147323,0.4664131104946136,0.2351333945989608,-0.2282481789588928,0.5707416534423828,0.1323295384645462,-0.2809053063392639,0.4737971723079681,0.1311764270067215,-0.2767840921878814,0.5361593961715698,0.5196109414100647,-0.0009874310344457,0.4944194853305816,0.5204612016677856,0.000894418277312,0.5356101393699646,0.6567829847335815,0.0490925796329975,0.488831490278244,0.6600863933563232,0.0388937555253505,0.5384531021118164,0.7940418124198914,0.2043838500976562,0.4817347228527069,0.7917829155921936,0.1936597377061844,1
125,0.5118477940559387,0.2614510357379913,-0.3056715130805969,0.546477198600769,0.31615149974823,-0.1714638322591781,0.5717811584472656,0.2371339350938797,-0.2323246002197265,0.4847626388072967,0.3176049292087555,-0.1724729686975479,0.4664061963558197,0.2351928353309631,-0.2525451183319092,0.57096928358078,0.1332811117172241,-0.2824118435382843,0.4737907946109772,0.1312454789876938,-0.3139475882053375,0.5360532999038696,0.5200855731964111,-0.0004901953507214,0.4942241013050079,0.5209329128265381,0.0003883414319716,0.5355893969535828,0.6576517224311829,0.0492041707038879,0.4885919392108917,0.6618347764015198,0.0379829742014408,0.538484513759613,0.795505166053772,0.2044856399297714,0.4817138612270355,0.7917953133583069,0.1934821158647537,1
126,0.5117212533950806,0.262031614780426,-0.3114822506904602,0.5463977456092834,0.3165743350982666,-0.1789277344942093,0.5717828273773193,0.2380473911762237,-0.2421986609697342,0.4845612943172455,0.3179012835025787,-0.1720465123653412,0.4660084545612335,0.2361846566200256,-0.2382955402135849,0.570982813835144,0.133550226688385,-0.2932227253913879,0.473779022693634,0.1320173740386963,-0.2931278347969055,0.5360525250434875,0.520172655582428,-0.002475440967828,0.4941577315330505,0.5210776925086975,0.0023744194768369,0.5356446504592896,0.658061146736145,0.0481064468622207,0.4885313808917999,0.6618503332138062,0.0408473722636699,0.5386612415313721,0.7953949570655823,0.204706385731697,0.4817490875720978,0.7907620668411255,0.198425680398941,1
127,0.5123668313026428,0.2606251537799835,-0.2964629530906677,0.5466617345809937,0.3162941634654999,-0.1599274426698684,0.5718348622322083,0.2380457818508148,-0.2172611206769943,0.4846760332584381,0.3179080784320831,-0.1716245859861374,0.4660898447036743,0.2356585711240768,-0.2475122809410095,0.5710073113441467,0.132985308766365,-0.2679492831230163,0.4737780690193176,0.1319852322340011,-0.2984048426151275,0.5360477566719055,0.5201922655105591,0.0002548430929891,0.4943641424179077,0.5210984349250793,-0.0003694845654536,0.5356378555297852,0.6579264998435974,0.0485565476119518,0.4885320365428924,0.6618236303329468,0.0406187400221824,0.538655698299408,0.7953970432281494,0.2042971551418304,0.4814963936805725,0.7909845113754272,0.1941973716020584,1
128,0.5130780339241028,0.2610535025596618,-0.3120211064815521,0.5465063452720642,0.3166895508766174,-0.1712442487478256,0.5716163516044617,0.2381287962198257,-0.2319665849208831,0.4844747185707092,0.3181242942810058,-0.1904450058937072,0.4655212759971618,0.2360492348670959,-0.2781859636306762,0.5709355473518372,0.1336316615343094,-0.2833758592605591,0.4737715423107147,0.1322863101959228,-0.3295723795890808,0.5361056923866272,0.5207592248916626,0.0024218643084168,0.4943370819091797,0.521445095539093,-0.0025435122661292,0.5356386303901672,0.6579405069351196,0.0499656721949577,0.4885146021842956,0.6621177196502686,0.0307910609990358,0.5385311245918274,0.7952494025230408,0.2081475853919983,0.4814657568931579,0.7910131216049194,0.1878324002027511,1
129,0.5130547881126404,0.2610653936862945,-0.3128203749656677,0.5466406345367432,0.3166829347610473,-0.1762370467185974,0.5716615915298462,0.2385787069797516,-0.2352972328662872,0.4844786822795868,0.3180999159812927,-0.1868471801280975,0.4655967950820923,0.2361060529947281,-0.2638866305351257,0.5709378123283386,0.1336422115564346,-0.2839828729629516,0.4736642837524414,0.132348284125328,-0.3034940063953399,0.5360309481620789,0.5205673575401306,0.0025221155956387,0.494333803653717,0.5212418437004089,-0.0026448068674653,0.5356433391571045,0.657211422920227,0.0526379495859146,0.4888193011283874,0.6591261625289917,0.0301992651075124,0.5385692119598389,0.7944940328598022,0.2078107446432113,0.4814743101596832,0.7906136512756348,0.1848204433917999,1
130,0.513059139251709,0.2614993751049042,-0.3166535198688507,0.546622633934021,0.317234605550766,-0.1818201243877411,0.571623682975769,0.2389587610960006,-0.2471247762441635,0.4843689203262329,0.3187871277332306,-0.1859713941812515,0.4651577174663543,0.2373141199350357,-0.268077403306961,0.5709552764892578,0.1361912488937378,-0.2999047935009002,0.4734998941421509,0.1339330226182937,-0.3308582305908203,0.5363567471504211,0.520574152469635,0.0020824638195335,0.4944341480731964,0.5212653875350952,-0.0022110296413302,0.5356172919273376,0.6571927070617676,0.0489707477390766,0.4888082444667816,0.6591541767120361,0.0299851838499307,0.5382909774780273,0.793491005897522,0.2071466743946075,0.4819695651531219,0.7900679707527161,0.1852856576442718,0
131,0.5129382610321045,0.2618144452571869,-0.3220947682857513,0.5466377139091492,0.317212164402008,-0.18274487555027,0.5720783472061157,0.23938550055027,-0.2451014667749405,0.484282374382019,0.3186380863189697,-0.1912756562232971,0.4650822877883911,0.2372065186500549,-0.2717556655406952,0.5709928870201111,0.1361703276634216,-0.2974127233028412,0.4734217822551727,0.132767915725708,-0.3284317851066589,0.5363182425498962,0.520017147064209,0.0022029762621968,0.4943371415138244,0.5210158228874207,-0.0023314945865422,0.5356012582778931,0.657217264175415,0.0501040071249008,0.4887174665927887,0.6591072082519531,0.0300695393234491,0.5383776426315308,0.7934495806694031,0.2072033286094665,0.4818519055843353,0.7912223935127258,0.1855566650629043,0
132,0.5121390223503113,0.2630944550037384,-0.2729161083698272,0.5466331243515015,0.3171468675136566,-0.1463952511548996,0.5720207691192627,0.2390783280134201,-0.2090601027011871,0.4847276508808136,0.3186286985874176,-0.1341078579425811,0.465087741613388,0.2381560206413269,-0.1883142590522766,0.5709614157676697,0.1361542493104934,-0.2588681578636169,0.4733469784259796,0.1346153020858764,-0.2352099418640136,0.5360515713691711,0.5213196277618408,0.0012179694604128,0.4941195547580719,0.5222660899162292,-0.0013017423916608,0.5356010794639587,0.6581287384033203,0.0497156307101249,0.4885806739330292,0.659722089767456,0.0279895905405282,0.5382779836654663,0.793452262878418,0.2007589042186737,0.481841892004013,0.7914321422576904,0.1791794598102569,0
133,0.5121410489082336,0.2632314562797546,-0.2819141149520874,0.5465647578239441,0.317449539899826,-0.1547532975673675,0.5721616744995117,0.2405650615692138,-0.2170426994562149,0.4845640361309051,0.3186468780040741,-0.1366830617189407,0.4650918543338775,0.2387821078300476,-0.2181343287229538,0.5712497234344482,0.1367357075214386,-0.2672361135482788,0.4733212292194366,0.134587362408638,-0.2670158743858337,0.5360984206199646,0.5219553112983704,0.0011175497202202,0.49399334192276,0.5224994421005249,-0.0012100036256015,0.5354841947555542,0.6588475108146667,0.0518777556717395,0.4884330034255981,0.6600733399391174,0.0353945940732955,0.53827965259552,0.793984591960907,0.2097735255956649,0.4823362529277801,0.7898905277252197,0.1953330338001251,0
134,0.5119174718856812,0.2621905207633972,-0.2887924015522003,0.5465877056121826,0.3174748718738556,-0.1583743095397949,0.5725061297416687,0.2405667006969452,-0.2184298038482666,0.4845640957355499,0.318641185760498,-0.1473625153303146,0.4650248289108276,0.2391844242811203,-0.2040478289127349,0.5712827444076538,0.1367147117853164,-0.2668901681900024,0.4732479155063629,0.1348911374807357,-0.2494914233684539,0.5360119938850403,0.5223714709281921,-0.0005067134043201,0.4939041137695312,0.5235459804534912,0.0004018874897155,0.5355191826820374,0.6598458886146545,0.0523107722401618,0.4883223176002502,0.6617534160614014,0.0402440167963504,0.5382283926010132,0.7940331101417542,0.2132135927677154,0.4821925163269043,0.7889721393585205,0.2022965103387832,0
135,0.5117435455322266,0.2626765966415405,-0.2970841228961944,0.546368420124054,0.3176036179065704,-0.1658547669649124,0.5725448131561279,0.240699291229248,-0.2284142971038818,0.4842877984046936,0.3186410665512085,-0.153562992811203,0.4649920463562011,0.2393400967121124,-0.2138476371765136,0.5714155435562134,0.136707991361618,-0.2795129120349884,0.4730788469314575,0.1348695904016494,-0.2617399096488952,0.5359272360801697,0.5224059224128723,-0.0023716280702501,0.4937727153301239,0.5237011909484863,0.0022653923369944,0.5354824066162109,0.6600833535194397,0.0485979206860065,0.4881263971328735,0.6623204350471497,0.0422341711819171,0.5383548736572266,0.7940018773078918,0.2126572728157043,0.4821288883686065,0.7886324524879456,0.2051848471164703,0
136,0.5120880603790283,0.2589867413043976,-0.2985905110836029,0.5468724370002747,0.3174525797367096,-0.1659252345561981,0.5726510882377625,0.2407054454088211,-0.2283312976360321,0.4842825829982757,0.3185667097568512,-0.1640547811985016,0.4649111628532409,0.2386009246110916,-0.2425951957702636,0.5714947581291199,0.1366913318634033,-0.2798508107662201,0.4729701578617096,0.1344611346721649,-0.2998648583889007,0.5359235405921936,0.5228483080863953,-0.0013003492495045,0.4935284852981567,0.5238112211227417,0.0011690482497215,0.5354790091514587,0.6609383225440979,0.0551726408302784,0.4881047904491424,0.6620051264762878,0.0414802841842174,0.5382739901542664,0.793967068195343,0.2210340499877929,0.482040673494339,0.7876468896865845,0.2055918425321579,0
137,0.5122465491294861,0.2593827843666076,-0.3197574615478515,0.5466750860214233,0.3178001940250397,-0.175688087940216,0.5726725459098816,0.2411381751298904,-0.2339619994163513,0.484248548746109,0.3185377418994903,-0.1846105605363845,0.4647356569766998,0.2386597841978073,-0.2684124112129211,0.5716832876205444,0.1373802721500396,-0.2861838340759277,0.4729528129100799,0.1345280706882476,-0.3346761465072632,0.5358954071998596,0.5228396654129028,0.0006281350506469,0.4935164451599121,0.523816704750061,-0.0007790642557665,0.5354726314544678,0.6608232259750366,0.0550595074892044,0.4880938827991485,0.6618043780326843,0.0352608375251293,0.5382294058799744,0.7938939929008484,0.2210545390844345,0.4820269644260406,0.7874019145965576,0.2050155997276306,0
138,0.5119324922561646,0.2600442469120025,-0.3072041273117065,0.5466486215591431,0.3178060054779053,-0.1686547100543975,0.5729058980941772,0.2416626811027526,-0.2254799157381057,0.4841784536838531,0.3182920217514038,-0.1687894612550735,0.4646796882152557,0.2391211688518524,-0.2331378608942031,0.5719619989395142,0.1378973722457885,-0.2760595083236694,0.4729449450969696,0.1346001327037811,-0.2842862904071808,0.5359179377555847,0.5227681398391724,-6.315813516266644e-05,0.4935072362422943,0.5238221883773804,-7.209782779682428e-05,0.5355669856071472,0.660743772983551,0.0506717823445797,0.4879409968852997,0.6620147228240967,0.0369003415107727,0.5382711291313171,0.7939700484275818,0.2155792713165283,0.4820168316364288,0.7873576283454895,0.2038421630859375,0
139,0.5119593739509583,0.2591113746166229,-0.2929393649101257,0.5467594861984253,0.3175965547561645,-0.1594016104936599,0.5729370713233948,0.2415922731161117,-0.2197342067956924,0.4841775596141815,0.3181885480880737,-0.1529988646507263,0.4646723568439483,0.2389869689941406,-0.2221059054136276,0.5722529888153076,0.137921929359436,-0.270883709192276,0.4729251265525818,0.1345372200012207,-0.2780996263027191,0.5358263850212097,0.5227488279342651,-0.0009176193270832,0.4934452176094055,0.5239288210868835,0.0008003576076589,0.535662829875946,0.6610212326049805,0.0503781884908676,0.4876842498779297,0.6633435487747192,0.0397713109850883,0.5382570028305054,0.793976366519928,0.2148304730653762,0.481931984424591,0.7892300486564636,0.2037389874458313,0
140,0.5118163228034973,0.2598073780536651,-0.3091217577457428,0.5467073321342468,0.3177236914634704,-0.1761300265789032,0.5731523036956787,0.2416501343250274,-0.2380699068307876,0.4840237200260162,0.3180645108222961,-0.1619834899902343,0.4646646678447723,0.2389888614416122,-0.224373385310173,0.5722652077674866,0.1377690583467483,-0.2870376408100128,0.4728364050388336,0.134525254368782,-0.285093754529953,0.5358593463897705,0.5227348208427429,-0.0021414512302726,0.4934379458427429,0.5239362120628357,0.0020254687406122,0.5356611609458923,0.6609805822372437,0.0470138378441333,0.4876526296138763,0.6634217500686646,0.0408540554344654,0.5383001565933228,0.7939727902412415,0.2120542973279953,0.4820809364318847,0.7901241779327393,0.2039926350116729,0
141,0.5119785666465759,0.2592351138591766,-0.2908263206481933,0.5467907190322876,0.3176337778568268,-0.1584438234567642,0.5731632113456726,0.2416224777698516,-0.2233378738164901,0.4841206669807434,0.3180499374866485,-0.1487165540456771,0.4646259546279907,0.2392024248838424,-0.2182126939296722,0.5724257826805115,0.1379202008247375,-0.2783207297325134,0.4727092385292053,0.1348116099834442,-0.2792199850082397,0.5357612371444702,0.5227551460266113,-0.0024061088915914,0.493430346250534,0.5241137742996216,0.0022959255147725,0.535737931728363,0.6611559391021729,0.0471749678254127,0.4876230657100677,0.6641395688056946,0.0412977263331413,0.5383071303367615,0.794174075126648,0.2103430777788162,0.4820692241191864,0.7902183532714844,0.2039525210857391,0
142,0.5119864344596863,0.2597415149211883,-0.3184767663478851,0.5466824769973755,0.317749559879303,-0.1817306727170944,0.5734965801239014,0.2402518987655639,-0.2468258291482925,0.4839669466018677,0.3180294632911682,-0.1806563585996627,0.4646439552307129,0.2387504875659942,-0.265303760766983,0.5724368691444397,0.1376906335353851,-0.2977728843688965,0.4727986454963684,0.1341937333345413,-0.3347107470035553,0.5357704758644104,0.5228592753410339,-0.0021880599670112,0.4934218823909759,0.5242400765419006,0.0020657337736338,0.5357370972633362,0.661111056804657,0.047275461256504,0.4875947535037994,0.6641387343406677,0.0409422740340232,0.538310170173645,0.7941661477088928,0.2129080444574356,0.4822110831737518,0.790452778339386,0.2047013342380523,0
143,0.5120232105255127,0.2597719430923462,-0.3122793138027191,0.5467898845672607,0.317811906337738,-0.1797606945037841,0.5735995173454285,0.2403217107057571,-0.2434322386980056,0.4840734601020813,0.3182129561901092,-0.1702923625707626,0.4645619690418243,0.2387697249650955,-0.2359068542718887,0.572443962097168,0.1377971619367599,-0.2955494821071625,0.4726725816726684,0.134202778339386,-0.2914625406265259,0.5357691049575806,0.523012638092041,-0.0026278914883732,0.4933249652385711,0.5244329571723938,0.0025037971790879,0.5357342958450317,0.6612948775291443,0.0480865314602851,0.4875879883766174,0.6640341281890869,0.0437271445989608,0.5383111834526062,0.7937356233596802,0.2157233208417892,0.482040524482727,0.7883327603340149,0.2098167836666107,0
144,0.5121282935142517,0.2597905099391937,-0.3087725639343261,0.5466276407241821,0.3178868293762207,-0.1779483705759048,0.5734806656837463,0.2400448620319366,-0.2408396750688552,0.4839942157268524,0.3180979192256927,-0.1694355309009552,0.4645882546901703,0.2387784272432327,-0.2359029650688171,0.5724390745162964,0.1378186345100402,-0.2927767932415008,0.4727077484130859,0.1343375295400619,-0.2917749285697937,0.5356748700141907,0.5226984024047852,-0.0022997090127319,0.4933315515518188,0.5244374871253967,0.0021832105703651,0.5357336401939392,0.6597239971160889,0.0475066900253295,0.4876620471477508,0.6638205647468567,0.0382186919450759,0.5382316708564758,0.7932300567626953,0.2097860723733902,0.4817400574684143,0.789052426815033,0.1960775405168533,0
145,0.5121534466743469,0.2593795359134674,-0.3015170097351074,0.546502947807312,0.317886620759964,-0.1667006462812423,0.5731202363967896,0.2406341582536697,-0.2240171581506729,0.4839363694190979,0.3176650106906891,-0.1673678904771804,0.4644014537334442,0.2388014048337936,-0.2359209656715393,0.5724414587020874,0.1373785436153412,-0.2711108028888702,0.4724583327770233,0.134920984506607,-0.290838748216629,0.535789430141449,0.5226992964744568,-0.0018923550378531,0.4933632910251617,0.5244737863540649,0.0017726870719343,0.5358453989028931,0.6602509021759033,0.0471180565655231,0.4876392781734466,0.6638405323028564,0.0375596135854721,0.5382773280143738,0.7937825322151184,0.2097847908735275,0.4817046225070953,0.7889715433120728,0.1969448924064636,0
146,0.511947512626648,0.2598050534725189,-0.3006520569324493,0.5463411211967468,0.3178904354572296,-0.1666873544454574,0.5731067657470703,0.2405347228050232,-0.224335566163063,0.4837995171546936,0.3174167573451996,-0.1672540009021759,0.4642525315284729,0.2388268709182739,-0.2341819405555725,0.5724440217018127,0.1362627893686294,-0.2702502012252807,0.4723528027534485,0.1349224746227264,-0.2857570350170135,0.5351780652999878,0.5225270986557007,-0.0012690533185377,0.4932383000850677,0.5240853428840637,0.001148568233475,0.5358425378799438,0.6604121327400208,0.0471249222755432,0.4875302016735077,0.6638975143432617,0.0359332486987113,0.538350522518158,0.793988823890686,0.2099200934171676,0.4816867411136627,0.7890464663505554,0.1948659718036651,0
147,0.5115895867347717,0.2600569725036621,-0.3006382882595062,0.5463218688964844,0.317882627248764,-0.1680391132831573,0.5732346773147583,0.2385751157999038,-0.225640058517456,0.4839657247066498,0.3174033463001251,-0.1607160866260528,0.464128166437149,0.2388322949409485,-0.2211096286773681,0.5723698139190674,0.1360621154308319,-0.2712989747524261,0.4723455309867859,0.134934976696968,-0.2785234451293945,0.5353803634643555,0.5224525332450867,-0.0013893325813114,0.4932616949081421,0.5238643884658813,0.0012692759046331,0.5356895923614502,0.6612418293952942,0.046700794249773,0.48752561211586,0.6631711721420288,0.0317170619964599,0.5383752584457397,0.7947002649307251,0.2072982043027877,0.4816704988479614,0.7888017296791077,0.190661996603012,0
148,0.5116148591041565,0.2599326074123382,-0.3050048649311065,0.5461472868919373,0.317900687456131,-0.1680683195590973,0.573140025138855,0.2380264550447464,-0.2235811501741409,0.4837498068809509,0.3173932433128357,-0.1703781336545944,0.4640664756298065,0.2388419210910797,-0.2385095506906509,0.5723688006401062,0.1357990354299545,-0.2688058912754059,0.4722573459148407,0.1348351389169693,-0.292088896036148,0.5352513790130615,0.5224462151527405,0.0001472262665629,0.493236243724823,0.5239759087562561,-0.0002806842385325,0.5356837511062622,0.6615203022956848,0.0530358701944351,0.4872570931911468,0.6645810008049011,0.0322791598737239,0.5382705926895142,0.794440507888794,0.2168522477149963,0.481556087732315,0.7900670170783997,0.191414937376976,0
149,0.5119922161102295,0.2595077157020569,-0.3051514625549316,0.5461823344230652,0.3178904354572296,-0.1685507446527481,0.5730761885643005,0.238968625664711,-0.2275388985872268,0.4836886525154114,0.3171884715557098,-0.1715305596590042,0.4638765752315521,0.2388474941253662,-0.2508798241615295,0.5723720192909241,0.1356438249349594,-0.2773362696170807,0.4720384478569031,0.1348432749509811,-0.3140685856342315,0.5353288054466248,0.5223466157913208,9.88298052106984e-05,0.493183821439743,0.5237957835197449,-0.0002331105206394,0.5357003808021545,0.661529004573822,0.0485282465815544,0.4872512221336365,0.6643363237380981,0.0323385372757911,0.5386949181556702,0.7955744862556458,0.2080192863941192,0.4815707802772522,0.7898982167243958,0.1921130716800689,0
150,0.5117770433425903,0.2594965100288391,-0.2964728474617004,0.546059250831604,0.3180428147315979,-0.1655718982219696,0.5729382634162903,0.239491805434227,-0.2256137728691101,0.4836859703063965,0.3178929388523102,-0.1583738327026367,0.4637801945209503,0.2390422970056533,-0.2268798947334289,0.5722073316574097,0.1357000172138214,-0.2746137976646423,0.4719586074352264,0.134953498840332,-0.2842833399772644,0.53544020652771,0.5223466753959656,-0.0011816418264061,0.4932459890842438,0.5237955451011658,0.0010570826707407,0.5356993079185486,0.6615395545959473,0.0479928962886333,0.4872464537620544,0.663947343826294,0.0351789109408855,0.5387381911277771,0.7955927848815918,0.207259714603424,0.4817200601100921,0.7894982695579529,0.1944818943738937,0
151,0.5118235349655151,0.2587719261646271,-0.2989048957824707,0.546032190322876,0.3179322779178619,-0.1640640050172805,0.5729827284812927,0.2379607260227203,-0.21944360435009,0.4833795130252838,0.3171809017658233,-0.172009989619255,0.4637702107429504,0.2388352900743484,-0.24686861038208,0.5721024870872498,0.134291797876358,-0.2664423286914825,0.4715699255466461,0.1351105719804763,-0.2959699034690857,0.5350938439369202,0.5222940444946289,0.000259441207163,0.4932366013526916,0.5237107872962952,-0.0003998211759608,0.5356493592262268,0.6613913178443909,0.0481802858412265,0.487083226442337,0.6641087532043457,0.0352143980562686,0.5386971831321716,0.7953097224235535,0.2098684906959533,0.4816835224628448,0.789476215839386,0.1949738711118698,0
152,0.5117961168289185,0.2588056325912475,-0.3026452362537384,0.5460215210914612,0.3180001378059387,-0.1686290204524994,0.5727402567863464,0.2386959195137024,-0.2291896045207977,0.4835801720619201,0.317600280046463,-0.1705087274312973,0.463675856590271,0.2389350682497024,-0.2450768947601318,0.5720101594924927,0.1344490796327591,-0.2789945304393768,0.4715608358383178,0.1350658684968948,-0.3030885756015777,0.5351762175559998,0.5222873687744141,-8.592776794102974e-06,0.4932398200035095,0.5236697793006897,-0.0001284680911339,0.5356454849243164,0.6616793870925903,0.0487262941896915,0.4870801866054535,0.6641506552696228,0.0360209159553051,0.5387465357780457,0.7959350347518921,0.2097429484128952,0.4816859066486358,0.7907710075378418,0.1950242817401886,0
153,0.5117849111557007,0.2590183913707733,-0.3053083717823028,0.5459011793136597,0.318048894405365,-0.1685806065797805,0.5727329254150391,0.2390384823083877,-0.2267480045557022,0.4834688305854797,0.3176564574241638,-0.1727762371301651,0.4636618793010711,0.238954022526741,-0.2456726878881454,0.571980893611908,0.1346354782581329,-0.2749353647232055,0.4715684950351715,0.134645789861679,-0.3020244240760803,0.535251259803772,0.5223419666290283,0.0003518380108289,0.4932452440261841,0.5239241123199463,-0.0004882730718236,0.5356569290161133,0.661673903465271,0.0496156327426433,0.4870966076850891,0.6641488671302795,0.0344157703220844,0.5386287569999695,0.794944703578949,0.213651493191719,0.4816715121269226,0.7903121113777161,0.1954121589660644,0
154,0.5120885968208313,0.2587968409061432,-0.3157528638839721,0.5459238290786743,0.3180516958236694,-0.1764812022447586,0.5729595422744751,0.2376680225133896,-0.2337473034858703,0.4834103286266327,0.3176797330379486,-0.1897787600755691,0.4636512398719787,0.2385465055704116,-0.2775913178920746,0.5719612836837769,0.1335297673940658,-0.2805389165878296,0.4713384211063385,0.1345657408237457,-0.3387566208839416,0.5351731181144714,0.5223602056503296,0.0013700366253033,0.4932368695735931,0.5239331126213074,-0.0015302270185202,0.5356490015983582,0.6614729166030884,0.0506914742290973,0.4870113134384155,0.6645091772079468,0.034465130418539,0.5387636423110962,0.7949716448783875,0.2159832566976547,0.4816268384456634,0.7902446985244751,0.1960220485925674,0
155,0.5118471384048462,0.258858859539032,-0.3145470023155212,0.5458406805992126,0.3181842863559723,-0.1804080158472061,0.5729666352272034,0.2370693981647491,-0.242231547832489,0.483404666185379,0.3180419504642486,-0.1850889474153518,0.4634357392787933,0.2387210428714752,-0.261663943529129,0.5719054937362671,0.1335530430078506,-0.2913118600845337,0.4710930585861206,0.1345164477825164,-0.3334810137748718,0.5351956486701965,0.5223673582077026,-0.0002539851120673,0.4932300150394439,0.5239339470863342,0.0001074682586477,0.5356799364089966,0.6617484092712402,0.0485599301755428,0.4870876371860504,0.6635587215423584,0.0357841029763221,0.5387982130050659,0.7949842810630798,0.2136287093162536,0.4815356433391571,0.7899014353752136,0.1982263475656509,0
156,0.5119070410728455,0.2588753402233124,-0.2956706881523132,0.5458338260650635,0.3180367052555084,-0.1679388135671615,0.5728740096092224,0.2382940202951431,-0.2321469783782959,0.4835130274295807,0.3176065385341644,-0.157159999012947,0.4633733034133911,0.2387744784355163,-0.2226524502038955,0.5719102025032043,0.1338159590959549,-0.2829560935497284,0.470682829618454,0.1352391242980957,-0.2798638045787811,0.5352498292922974,0.5223413705825806,-0.0011427100980654,0.4932517111301422,0.5240455865859985,0.0010213645873591,0.5356735587120056,0.661486029624939,0.0485249161720275,0.4871671497821808,0.663608968257904,0.0363210402429103,0.5388176441192627,0.7946504950523376,0.2061364501714706,0.4816242158412933,0.7900742292404175,0.1948136389255523,0
157,0.511913537979126,0.2588787078857422,-0.3027028739452362,0.5457785725593567,0.3181220591068268,-0.1711061298847198,0.5728729963302612,0.2382964491844177,-0.2360765933990478,0.483504444360733,0.3174996972084045,-0.1674847304821014,0.4635361433029175,0.2387999296188354,-0.2398211508989334,0.5718832015991211,0.1338273733854293,-0.2862438559532165,0.4708553850650787,0.135232388973236,-0.2926512062549591,0.5348972678184509,0.5223311185836792,-0.0005749213160015,0.4931855499744415,0.5241751074790955,0.0004572531615849,0.5356754660606384,0.6614500880241394,0.0485965386033058,0.4872485697269439,0.6636427044868469,0.0323455221951007,0.5388004779815674,0.7936190962791443,0.2067254483699798,0.4816219210624695,0.7915993928909302,0.1903557330369949,0
158,0.5119167566299438,0.2594023048877716,-0.3125893771648407,0.5457808971405029,0.3181824684143066,-0.1806635707616806,0.5728601217269897,0.2382995337247848,-0.2500075995922088,0.4835553467273712,0.3175834417343139,-0.170905590057373,0.463555246591568,0.2401036322116851,-0.2546085119247436,0.5718612670898438,0.1339179873466491,-0.3021971583366394,0.4708771407604217,0.1361113041639328,-0.3322016298770904,0.5349761247634888,0.5223321914672852,-0.0007012438145466,0.4931407570838928,0.5240284204483032,0.0005804907996207,0.5354998111724854,0.6612280607223511,0.0474664941430091,0.4874106049537658,0.6628055572509766,0.0313832014799118,0.538798987865448,0.7945493459701538,0.2070190906524658,0.4819265305995941,0.7906845211982727,0.1904996484518051,0
159,0.5118556618690491,0.2599462270736694,-0.3157128989696502,0.5457749962806702,0.3182456791400909,-0.1857892870903015,0.5726143717765808,0.2396448701620102,-0.2557494342327118,0.4835982620716095,0.317817211151123,-0.1709490120410919,0.4635336697101593,0.2406274080276489,-0.2493040710687637,0.5717777013778687,0.1340291649103164,-0.3070199191570282,0.4709286689758301,0.1363739818334579,-0.3296866118907928,0.5351342558860779,0.5221638679504395,-0.0026166124735027,0.4931910634040832,0.5237330198287964,0.0025018234737217,0.5355384349822998,0.6605741381645203,0.0428314357995986,0.4875253438949585,0.6619911193847656,0.0333902388811111,0.5388502478599548,0.7943036556243896,0.2000919431447982,0.4819622039794922,0.7899925708770752,0.1909304112195968,0
160,0.5117099285125732,0.2606387734413147,-0.3097718060016632,0.5457682013511658,0.3183551132678985,-0.1790475845336914,0.5726111531257629,0.2398093342781067,-0.2416772246360778,0.4836385846138,0.3178707957267761,-0.1613783538341522,0.4634771049022674,0.2407225966453552,-0.2176211774349212,0.5717685222625732,0.1340430676937103,-0.2879498600959778,0.4709454476833343,0.1363835632801056,-0.2694506049156189,0.5350295901298523,0.5221608877182007,-0.0026047124993056,0.493119865655899,0.523838222026825,0.0024924608878791,0.535552442073822,0.6606952548027039,0.0431975647807121,0.4875210523605346,0.6632276177406311,0.0337376557290554,0.538669764995575,0.7939692735671997,0.200718492269516,0.4819630980491638,0.7905722260475159,0.1912773102521896,0
161,0.5121138691902161,0.2605855166912079,-0.3106354773044586,0.5458155274391174,0.3183521628379822,-0.1790025681257248,0.5726287961006165,0.2385395765304565,-0.2447586804628372,0.4836231470108032,0.3176543116569519,-0.1684995144605636,0.4635772705078125,0.2407104223966598,-0.2553514540195465,0.5717601180076599,0.1337962299585342,-0.2969740331172943,0.4709207713603973,0.1363875567913055,-0.3317117989063263,0.535050094127655,0.5221523642539978,-0.0023204642347991,0.4931058287620544,0.5238130688667297,0.0022018984891474,0.5354883074760437,0.6606647372245789,0.042923554778099,0.4875276982784271,0.6635592579841614,0.0331643521785736,0.5387616753578186,0.7944894433021545,0.2016536593437194,0.4821418225765228,0.7908653616905212,0.1911779940128326,0
162,0.5120266675949097,0.2606426179409027,-0.3107262551784515,0.5457953214645386,0.3183630406856537,-0.1795751005411148,0.572578489780426,0.2393195033073425,-0.247277095913887,0.4836646020412445,0.317734956741333,-0.1666906327009201,0.4635758996009826,0.2408836632966995,-0.2455939352512359,0.571748673915863,0.1338919103145599,-0.2990974187850952,0.4709623754024505,0.1366106420755386,-0.3234627842903137,0.535113513469696,0.522151529788971,-0.0034221040550619,0.4931244254112243,0.5237894058227539,0.0033089218195527,0.5355217456817627,0.6601901054382324,0.0418328419327735,0.4875316023826599,0.6631684899330139,0.0351889878511428,0.5387753248214722,0.793958842754364,0.2014212757349014,0.4825246930122375,0.7901586294174194,0.1943686753511428,0
163,0.5119451284408569,0.2608439326286316,-0.3107382953166961,0.5457464456558228,0.3183906078338623,-0.1796743869781494,0.5725578665733337,0.2395984530448913,-0.2470280826091766,0.4836670458316803,0.3177863955497741,-0.1665140688419342,0.4636169075965881,0.2408893406391143,-0.2362349480390548,0.5717065930366516,0.1339261680841446,-0.2986027598381042,0.4709894061088562,0.1366163045167923,-0.2968351244926452,0.5349865555763245,0.5221657156944275,-0.0034019486047327,0.4929926991462707,0.5239906311035156,0.0032888771966099,0.5355677008628845,0.6603744029998779,0.0419028736650943,0.4875093400478363,0.664081335067749,0.0356799289584159,0.538772702217102,0.7937232255935669,0.2031685411930084,0.4824546277523041,0.7900375127792358,0.1961868405342102,0
164,0.5119401216506958,0.2607510685920715,-0.3110853433609009,0.5458803176879883,0.3182481229305267,-0.1803829818964004,0.5725942254066467,0.2384107857942581,-0.2513425946235657,0.4837225377559662,0.3176479339599609,-0.1672235876321792,0.4636149406433105,0.2408842295408249,-0.248314157128334,0.5716776251792908,0.1333272606134414,-0.3033488988876343,0.4710111320018768,0.1366173923015594,-0.3237339556217193,0.5349881052970886,0.522209644317627,-0.0030420876573771,0.4928137362003326,0.5237587690353394,0.002925157546997,0.5351950526237488,0.6602204442024231,0.0426155179738998,0.4875032007694244,0.6639890074729919,0.0319790132343769,0.5385734438896179,0.793787956237793,0.204672634601593,0.4823569655418396,0.7903077602386475,0.1938910633325576,0
165,0.511933445930481,0.260747879743576,-0.3161417543888092,0.545879602432251,0.3182655274868011,-0.180313155055046,0.572593629360199,0.2377372682094574,-0.2442369312047958,0.4834026396274566,0.3176499903202057,-0.1769348978996276,0.4635688066482544,0.2394664883613586,-0.2504588365554809,0.5716671347618103,0.1333937346935272,-0.2962406873703003,0.4711554646492004,0.1347127705812454,-0.3178375959396362,0.5350701808929443,0.5223093032836914,-0.0023091654293239,0.4927646517753601,0.523665726184845,0.0021831055637449,0.5351973176002502,0.6602336764335632,0.0457816272974014,0.4875059425830841,0.6631712317466736,0.0345831848680973,0.5386131405830383,0.7947431206703186,0.205947071313858,0.4825419783592224,0.789867639541626,0.1965444833040237,0
166,0.5117466449737549,0.2606927454471588,-0.3102860450744629,0.5458747744560242,0.3181645274162292,-0.1797281354665756,0.5725578665733337,0.2372276932001114,-0.2470269948244094,0.4837510883808136,0.3174967467784881,-0.1621182709932327,0.4635340273380279,0.2396145015954971,-0.2304949909448623,0.5716325640678406,0.1334014683961868,-0.3004222214221954,0.4710257947444916,0.1356973946094513,-0.2995279431343078,0.5350553393363953,0.5222604274749756,-0.0036683338694274,0.4927158653736114,0.523309588432312,0.0035642224829643,0.5351570248603821,0.6592761874198914,0.0413903072476387,0.4874995946884155,0.662585973739624,0.0346332862973213,0.5386134386062622,0.793658435344696,0.1998600214719772,0.4825315773487091,0.7898784279823303,0.1953181326389312,0
167,0.5119661688804626,0.2600050568580627,-0.3070818483829498,0.545978844165802,0.3181684613227844,-0.1703323721885681,0.5725736021995544,0.2370111346244812,-0.2332190573215484,0.4837537407875061,0.3174992799758911,-0.163039281964302,0.4635311365127563,0.2396109402179718,-0.2327764481306076,0.571773886680603,0.1334448009729385,-0.2871271967887878,0.4710690081119537,0.1356509625911712,-0.2995668649673462,0.534976601600647,0.5221529603004456,-0.0017463054973632,0.4926735162734985,0.5231643915176392,0.0016224458813667,0.5350601673126221,0.6596629023551941,0.0455009117722511,0.4874986708164215,0.662456750869751,0.0324928574264049,0.5385910272598267,0.7938715219497681,0.2057525515556335,0.4821280539035797,0.7900003790855408,0.1941221505403518,0
168,0.5120288729667664,0.2606523931026459,-0.295294851064682,0.5458592176437378,0.3181368112564087,-0.1584749668836593,0.5722726583480835,0.2370096892118454,-0.2192153483629226,0.4837196171283722,0.3175835311412811,-0.1549441516399383,0.4634809494018554,0.2396640330553054,-0.214799165725708,0.5716916918754578,0.1341750770807266,-0.275494247674942,0.4710710942745209,0.1355914622545242,-0.2653711438179016,0.5350111722946167,0.5224198698997498,-0.0014003464020788,0.4927414655685425,0.5233389139175415,0.0012936656130477,0.5350167155265808,0.6596275568008423,0.0522240959107875,0.487482875585556,0.6622791290283203,0.0329025797545909,0.5386244058609009,0.7942208051681519,0.2069925516843795,0.4821914732456207,0.7901739478111267,0.1938223391771316,0
